233 -9
118 -8

233 -9
8 -4

233 -9
29 -6

233 -9
4 -3

233 -9
16 -5

233 -9
57 -7

232 -9
58 -7

232 -9
231 -9

232 -9
29 -6

232 -9
57 -7

232 -9
229 -9

232 -9
8 -4

231 -9
58 -7

231 -9
29 -6

231 -9
57 -7

231 -9
229 -9

231 -9
8 -4

231 -9
113 -8

230 -9
58 -7

230 -9
229 -9

230 -9
29 -6

230 -9
57 -7

230 -9
231 -9

230 -9
8 -4

229 -9
58 -7

229 -9
29 -6

229 -9
57 -7

229 -9
231 -9

229 -9
8 -4

229 -9
113 -8

228 -9
57 -7

228 -9
29 -6

228 -9
113 -8

228 -9
58 -7

228 -9
226 -9

228 -9
8 -4

227 -9
57 -7

227 -9
29 -6

227 -9
113 -8

227 -9
58 -7

227 -9
226 -9

227 -9
8 -4

226 -9
113 -8

226 -9
57 -7

226 -9
29 -6

226 -9
58 -7

226 -9
8 -4

226 -9
4 -3

225 -9
113 -8

225 -9
57 -7

225 -9
226 -9

225 -9
29 -6

225 -9
58 -7

225 -9
8 -4

224 -9
223 -9

224 -9
28 -6

224 -9
111 -8

224 -9
14 -5

224 -9
55 -7

224 -9
7 -4

223 -9
224 -9

223 -9
28 -6

223 -9
111 -8

223 -9
14 -5

223 -9
55 -7

223 -9
7 -4

222 -9
111 -8

222 -9
28 -6

222 -9
14 -5

222 -9
55 -7

222 -9
223 -9

222 -9
224 -9

221 -9
111 -8

221 -9
28 -6

221 -9
14 -5

221 -9
55 -7

221 -9
223 -9

221 -9
224 -9

220 -9
110 -8

220 -9
55 -7

220 -9
28 -6

220 -9
14 -5

220 -9
217 -9

220 -9
218 -9

219 -9
110 -8

219 -9
55 -7

219 -9
28 -6

219 -9
14 -5

219 -9
217 -9

219 -9
218 -9

218 -9
55 -7

218 -9
217 -9

218 -9
28 -6

218 -9
110 -8

218 -9
14 -5

218 -9
7 -4

217 -9
55 -7

217 -9
218 -9

217 -9
28 -6

217 -9
110 -8

217 -9
14 -5

217 -9
7 -4

216 -9
108 -8

216 -9
54 -7

216 -9
27 -6

216 -9
14 -5

216 -9
53 -7

216 -9
7 -4

215 -9
108 -8

215 -9
54 -7

215 -9
216 -9

215 -9
27 -6

215 -9
14 -5

215 -9
53 -7

214 -9
54 -7

214 -9
27 -6

214 -9
108 -8

214 -9
14 -5

214 -9
53 -7

214 -9
216 -9

213 -9
54 -7

213 -9
27 -6

213 -9
108 -8

213 -9
14 -5

213 -9
53 -7

213 -9
216 -9

212 -9
106 -8

212 -9
53 -7

212 -9
27 -6

212 -9
14 -5

212 -9
54 -7

212 -9
7 -4

211 -9
106 -8

211 -9
53 -7

211 -9
27 -6

211 -9
14 -5

211 -9
54 -7

211 -9
7 -4

210 -9
53 -7

210 -9
27 -6

210 -9
106 -8

210 -9
14 -5

210 -9
54 -7

210 -9
7 -4

209 -9
53 -7

209 -9
27 -6

209 -9
106 -8

209 -9
14 -5

209 -9
54 -7

209 -9
7 -4

208 -9
104 -8

208 -9
52 -7

208 -9
207 -9

208 -9
26 -6

208 -9
103 -8

208 -9
13 -5

207 -9
104 -8

207 -9
52 -7

207 -9
26 -6

207 -9
103 -8

207 -9
13 -5

207 -9
7 -4

206 -9
103 -8

206 -9
52 -7

206 -9
26 -6

206 -9
104 -8

206 -9
13 -5

206 -9
207 -9

205 -9
103 -8

205 -9
52 -7

205 -9
26 -6

205 -9
104 -8

205 -9
13 -5

205 -9
207 -9

204 -9
26 -6

204 -9
13 -5

204 -9
52 -7

204 -9
7 -4

204 -9
25 -6

204 -9
103 -8

203 -9
26 -6

203 -9
13 -5

203 -9
52 -7

203 -9
201 -9

203 -9
7 -4

203 -9
25 -6

202 -9
26 -6

202 -9
13 -5

202 -9
52 -7

202 -9
7 -4

202 -9
25 -6

202 -9
103 -8

201 -9
26 -6

201 -9
13 -5

201 -9
52 -7

201 -9
203 -9

201 -9
7 -4

201 -9
25 -6

200 -9
100 -8

200 -9
50 -7

200 -9
25 -6

200 -9
13 -5

200 -9
49 -7

200 -9
7 -4

199 -9
100 -8

199 -9
50 -7

199 -9
25 -6

199 -9
13 -5

199 -9
49 -7

199 -9
7 -4

198 -9
50 -7

198 -9
25 -6

198 -9
100 -8

198 -9
13 -5

198 -9
49 -7

198 -9
7 -4

197 -9
50 -7

197 -9
25 -6

197 -9
100 -8

197 -9
13 -5

197 -9
49 -7

197 -9
7 -4

196 -9
98 -8

196 -9
49 -7

196 -9
25 -6

196 -9
97 -8

196 -9
13 -5

196 -9
50 -7

195 -9
98 -8

195 -9
49 -7

195 -9
25 -6

195 -9
97 -8

195 -9
13 -5

195 -9
50 -7

194 -9
97 -8

194 -9
49 -7

194 -9
193 -9

194 -9
25 -6

194 -9
98 -8

194 -9
13 -5

193 -9
97 -8

193 -9
49 -7

193 -9
25 -6

193 -9
98 -8

193 -9
13 -5

193 -9
50 -7

192 -9
24 -6

192 -9
95 -8

192 -9
12 -5

192 -9
6 -4

192 -9
23 -6

192 -9
93 -8

191 -9
24 -6

191 -9
95 -8

191 -9
12 -5

191 -9
6 -4

191 -9
23 -6

191 -9
93 -8

190 -9
95 -8

190 -9
24 -6

190 -9
12 -5

190 -9
6 -4

190 -9
23 -6

190 -9
93 -8

189 -9
95 -8

189 -9
24 -6

189 -9
12 -5

189 -9
6 -4

189 -9
23 -6

189 -9
93 -8

188 -9
24 -6

188 -9
93 -8

188 -9
12 -5

188 -9
6 -4

188 -9
23 -6

188 -9
95 -8

187 -9
24 -6

187 -9
93 -8

187 -9
12 -5

187 -9
6 -4

187 -9
23 -6

187 -9
95 -8

186 -9
93 -8

186 -9
24 -6

186 -9
12 -5

186 -9
6 -4

186 -9
23 -6

186 -9
95 -8

185 -9
93 -8

185 -9
24 -6

185 -9
12 -5

185 -9
6 -4

185 -9
23 -6

185 -9
95 -8

184 -9
92 -8

184 -9
46 -7

184 -9
23 -6

184 -9
91 -8

184 -9
12 -5

184 -9
45 -7

183 -9
92 -8

183 -9
46 -7

183 -9
23 -6

183 -9
91 -8

183 -9
12 -5

183 -9
45 -7

182 -9
91 -8

182 -9
46 -7

182 -9
23 -6

182 -9
92 -8

182 -9
12 -5

182 -9
45 -7

181 -9
91 -8

181 -9
46 -7

181 -9
23 -6

181 -9
92 -8

181 -9
12 -5

181 -9
45 -7

180 -9
45 -7

180 -9
179 -9

180 -9
23 -6

180 -9
12 -5

180 -9
46 -7

180 -9
177 -9

179 -9
45 -7

179 -9
23 -6

179 -9
12 -5

179 -9
46 -7

179 -9
177 -9

179 -9
6 -4

178 -9
45 -7

178 -9
177 -9

178 -9
23 -6

178 -9
12 -5

178 -9
46 -7

178 -9
179 -9

177 -9
45 -7

177 -9
23 -6

177 -9
12 -5

177 -9
46 -7

177 -9
179 -9

177 -9
6 -4

176 -9
11 -5

176 -9
43 -7

176 -9
6 -4

176 -9
21 -6

176 -9
85 -8

176 -9
3 -3

175 -9
11 -5

175 -9
43 -7

175 -9
6 -4

175 -9
21 -6

175 -9
85 -8

175 -9
3 -3

174 -9
11 -5

174 -9
43 -7

174 -9
6 -4

174 -9
21 -6

174 -9
85 -8

174 -9
3 -3

173 -9
11 -5

173 -9
43 -7

173 -9
6 -4

173 -9
21 -6

173 -9
85 -8

173 -9
3 -3

172 -9
43 -7

172 -9
85 -8

172 -9
11 -5

172 -9
6 -4

172 -9
21 -6

172 -9
3 -3

171 -9
43 -7

171 -9
85 -8

171 -9
11 -5

171 -9
6 -4

171 -9
21 -6

171 -9
3 -3

170 -9
85 -8

170 -9
43 -7

170 -9
11 -5

170 -9
6 -4

170 -9
21 -6

170 -9
3 -3

169 -9
85 -8

169 -9
43 -7

169 -9
11 -5

169 -9
6 -4

169 -9
21 -6

169 -9
3 -3

168 -9
84 -8

168 -9
42 -7

168 -9
167 -9

168 -9
21 -6

168 -9
83 -8

168 -9
11 -5

167 -9
84 -8

167 -9
42 -7

167 -9
168 -9

167 -9
21 -6

167 -9
83 -8

167 -9
11 -5

166 -9
83 -8

166 -9
42 -7

166 -9
21 -6

166 -9
84 -8

166 -9
11 -5

166 -9
167 -9

165 -9
83 -8

165 -9
42 -7

165 -9
166 -9

165 -9
21 -6

165 -9
84 -8

165 -9
11 -5

164 -9
82 -8

164 -9
21 -6

164 -9
11 -5

164 -9
42 -7

164 -9
6 -4

164 -9
83 -8

163 -9
82 -8

163 -9
21 -6

163 -9
11 -5

163 -9
42 -7

163 -9
6 -4

163 -9
83 -8

162 -9
21 -6

162 -9
82 -8

162 -9
11 -5

162 -9
42 -7

162 -9
6 -4

162 -9
83 -8

161 -9
21 -6

161 -9
82 -8

161 -9
11 -5

161 -9
42 -7

161 -9
6 -4

161 -9
83 -8

160 -9
40 -7

160 -9
159 -9

160 -9
20 -6

160 -9
79 -8

160 -9
10 -5

160 -9
39 -7

159 -9
40 -7

159 -9
160 -9

159 -9
20 -6

159 -9
79 -8

159 -9
10 -5

159 -9
39 -7

158 -9
79 -8

158 -9
40 -7

158 -9
157 -9

158 -9
20 -6

158 -9
10 -5

158 -9
39 -7

157 -9
79 -8

157 -9
40 -7

157 -9
20 -6

157 -9
10 -5

157 -9
39 -7

157 -9
159 -9

156 -9
39 -7

156 -9
20 -6

156 -9
77 -8

156 -9
10 -5

156 -9
40 -7

156 -9
153 -9

155 -9
39 -7

155 -9
156 -9

155 -9
20 -6

155 -9
77 -8

155 -9
10 -5

155 -9
40 -7

154 -9
77 -8

154 -9
39 -7

154 -9
153 -9

154 -9
20 -6

154 -9
10 -5

154 -9
40 -7

153 -9
77 -8

153 -9
39 -7

153 -9
20 -6

153 -9
10 -5

153 -9
40 -7

153 -9
156 -9

152 -9
76 -8

152 -9
19 -6

152 -9
10 -5

152 -9
37 -7

152 -9
5 -4

152 -9
20 -6

151 -9
76 -8

151 -9
152 -9

151 -9
19 -6

151 -9
10 -5

151 -9
37 -7

151 -9
5 -4

150 -9
19 -6

150 -9
76 -8

150 -9
10 -5

150 -9
37 -7

150 -9
152 -9

150 -9
5 -4

149 -9
19 -6

149 -9
76 -8

149 -9
10 -5

149 -9
37 -7

149 -9
152 -9

149 -9
5 -4

148 -9
37 -7

148 -9
19 -6

148 -9
73 -8

148 -9
10 -5

148 -9
5 -4

148 -9
20 -6

147 -9
37 -7

147 -9
19 -6

147 -9
73 -8

147 -9
10 -5

147 -9
5 -4

147 -9
20 -6

146 -9
73 -8

146 -9
37 -7

146 -9
19 -6

146 -9
10 -5

146 -9
5 -4

146 -9
20 -6

145 -9
73 -8

145 -9
37 -7

145 -9
19 -6

145 -9
10 -5

145 -9
5 -4

145 -9
20 -6

144 -9
36 -7

144 -9
143 -9

144 -9
18 -6

144 -9
9 -5

144 -9
35 -7

144 -9
141 -9

143 -9
36 -7

143 -9
18 -6

143 -9
9 -5

143 -9
35 -7

143 -9
141 -9

143 -9
142 -9

142 -9
36 -7

142 -9
141 -9

142 -9
18 -6

142 -9
9 -5

142 -9
35 -7

142 -9
143 -9

141 -9
36 -7

141 -9
142 -9

141 -9
18 -6

141 -9
9 -5

141 -9
35 -7

141 -9
143 -9

140 -9
35 -7

140 -9
18 -6

140 -9
69 -8

140 -9
9 -5

140 -9
36 -7

140 -9
137 -9

139 -9
35 -7

139 -9
18 -6

139 -9
69 -8

139 -9
9 -5

139 -9
36 -7

139 -9
137 -9

138 -9
69 -8

138 -9
35 -7

138 -9
137 -9

138 -9
18 -6

138 -9
9 -5

138 -9
36 -7

137 -9
69 -8

137 -9
35 -7

137 -9
18 -6

137 -9
9 -5

137 -9
36 -7

137 -9
5 -4

136 -9
68 -8

136 -9
34 -7

136 -9
17 -6

136 -9
9 -5

136 -9
33 -7

136 -9
133 -9

135 -9
68 -8

135 -9
34 -7

135 -9
136 -9

135 -9
17 -6

135 -9
9 -5

135 -9
33 -7

134 -9
34 -7

134 -9
133 -9

134 -9
17 -6

134 -9
68 -8

134 -9
9 -5

134 -9
33 -7

133 -9
34 -7

133 -9
17 -6

133 -9
68 -8

133 -9
9 -5

133 -9
33 -7

133 -9
136 -9

132 -9
66 -8

132 -9
33 -7

132 -9
17 -6

132 -9
9 -5

132 -9
34 -7

132 -9
5 -4

131 -9
66 -8

131 -9
33 -7

131 -9
17 -6

131 -9
9 -5

131 -9
34 -7

131 -9
5 -4

130 -9
33 -7

130 -9
17 -6

130 -9
66 -8

130 -9
9 -5

130 -9
34 -7

130 -9
5 -4

129 -9
33 -7

129 -9
17 -6

129 -9
66 -8

129 -9
9 -5

129 -9
34 -7

129 -9
5 -4

128 -9
32 -7

128 -9
16 -6

128 -9
8 -5

128 -9
31 -7

128 -9
4 -4

128 -9
15 -6

127 -9
32 -7

127 -9
16 -6

127 -9
8 -5

127 -9
31 -7

127 -9
4 -4

127 -9
15 -6

126 -9
32 -7

126 -9
16 -6

126 -9
8 -5

126 -9
31 -7

126 -9
4 -4

126 -9
15 -6

125 -9
32 -7

125 -9
16 -6

125 -9
8 -5

125 -9
31 -7

125 -9
4 -4

125 -9
15 -6

124 -9
31 -7

124 -9
16 -6

124 -9
61 -8

124 -9
8 -5

124 -9
32 -7

124 -9
122 -9

123 -9
31 -7

123 -9
16 -6

123 -9
61 -8

123 -9
8 -5

123 -9
32 -7

123 -9
122 -9

122 -9
61 -8

122 -9
31 -7

122 -9
16 -6

122 -9
8 -5

122 -9
32 -7

122 -9
4 -4

121 -9
61 -8

121 -9
31 -7

121 -9
122 -9

121 -9
16 -6

121 -9
8 -5

121 -9
32 -7

120 -9
30 -7

120 -9
15 -6

120 -9
8 -5

120 -9
29 -7

120 -9
4 -4

120 -9
16 -6

119 -9
30 -7

119 -9
15 -6

119 -9
8 -5

119 -9
29 -7

119 -9
4 -4

119 -9
16 -6

118 -9
30 -7

118 -9
15 -6

118 -9
8 -5

118 -9
29 -7

118 -9
4 -4

118 -9
16 -6

117 -9
30 -7

117 -9
15 -6

117 -9
8 -5

117 -9
29 -7

117 -9
4 -4

117 -9
16 -6

116 -9
29 -7

116 -9
15 -6

116 -9
57 -8

116 -9
8 -5

116 -9
30 -7

116 -9
113 -9

115 -9
29 -7

115 -9
15 -6

115 -9
57 -8

115 -9
8 -5

115 -9
30 -7

115 -9
113 -9

114 -9
57 -8

114 -9
29 -7

114 -9
113 -9

114 -9
15 -6

114 -9
8 -5

114 -9
30 -7

113 -9
57 -8

113 -9
29 -7

113 -9
15 -6

113 -9
8 -5

113 -9
30 -7

113 -9
4 -4

112 -9
56 -8

112 -9
28 -7

112 -9
14 -6

112 -9
7 -5

112 -9
27 -7

112 -9
4 -4

111 -9
56 -8

111 -9
28 -7

111 -9
14 -6

111 -9
7 -5

111 -9
27 -7

111 -9
4 -4

110 -9
28 -7

110 -9
14 -6

110 -9
56 -8

110 -9
7 -5

110 -9
27 -7

110 -9
4 -4

109 -9
28 -7

109 -9
14 -6

109 -9
56 -8

109 -9
7 -5

109 -9
27 -7

109 -9
4 -4

108 -9
27 -7

108 -9
14 -6

108 -9
53 -8

108 -9
7 -5

108 -9
28 -7

108 -9
4 -4

107 -9
27 -7

107 -9
14 -6

107 -9
53 -8

107 -9
7 -5

107 -9
28 -7

107 -9
4 -4

106 -9
53 -8

106 -9
27 -7

106 -9
14 -6

106 -9
7 -5

106 -9
28 -7

106 -9
4 -4

105 -9
53 -8

105 -9
27 -7

105 -9
14 -6

105 -9
7 -5

105 -9
28 -7

105 -9
4 -4

104 -9
26 -7

104 -9
7 -5

104 -9
102 -9

104 -9
4 -4

104 -9
14 -6

104 -9
50 -8

103 -9
26 -7

103 -9
7 -5

103 -9
102 -9

103 -9
4 -4

103 -9
14 -6

103 -9
50 -8

102 -9
26 -7

102 -9
7 -5

102 -9
4 -4

102 -9
14 -6

102 -9
50 -8

102 -9
2 -3

101 -9
26 -7

101 -9
102 -9

101 -9
7 -5

101 -9
4 -4

101 -9
14 -6

101 -9
50 -8

100 -9
50 -8

100 -9
7 -5

100 -9
26 -7

100 -9
98 -9

100 -9
4 -4

100 -9
14 -6

99 -9
50 -8

99 -9
7 -5

99 -9
26 -7

99 -9
98 -9

99 -9
4 -4

99 -9
14 -6

98 -9
50 -8

98 -9
7 -5

98 -9
26 -7

98 -9
4 -4

98 -9
14 -6

98 -9
2 -3

97 -9
98 -9

97 -9
50 -8

97 -9
7 -5

97 -9
26 -7

97 -9
4 -4

97 -9
14 -6

96 -9
48 -8

96 -9
24 -7

96 -9
12 -6

96 -9
6 -5

96 -9
23 -7

96 -9
93 -9

95 -9
48 -8

95 -9
24 -7

95 -9
12 -6

95 -9
6 -5

95 -9
23 -7

95 -9
93 -9

94 -9
24 -7

94 -9
93 -9

94 -9
12 -6

94 -9
48 -8

94 -9
6 -5

94 -9
23 -7

93 -9
24 -7

93 -9
12 -6

93 -9
48 -8

93 -9
6 -5

93 -9
23 -7

93 -9
3 -4

92 -9
23 -7

92 -9
12 -6

92 -9
6 -5

92 -9
24 -7

92 -9
89 -9

92 -9
3 -4

91 -9
23 -7

91 -9
12 -6

91 -9
6 -5

91 -9
24 -7

91 -9
89 -9

91 -9
3 -4

90 -9
23 -7

90 -9
89 -9

90 -9
12 -6

90 -9
6 -5

90 -9
24 -7

90 -9
3 -4

89 -9
23 -7

89 -9
12 -6

89 -9
6 -5

89 -9
24 -7

89 -9
3 -4

89 -9
11 -6

88 -9
11 -6

88 -9
6 -5

88 -9
21 -7

88 -9
3 -4

88 -9
12 -6

88 -9
41 -8

87 -9
11 -6

87 -9
6 -5

87 -9
21 -7

87 -9
3 -4

87 -9
12 -6

87 -9
41 -8

86 -9
11 -6

86 -9
6 -5

86 -9
21 -7

86 -9
3 -4

86 -9
12 -6

86 -9
41 -8

85 -9
11 -6

85 -9
6 -5

85 -9
21 -7

85 -9
3 -4

85 -9
12 -6

85 -9
41 -8

84 -9
21 -7

84 -9
11 -6

84 -9
41 -8

84 -9
6 -5

84 -9
81 -9

84 -9
82 -9

83 -9
21 -7

83 -9
11 -6

83 -9
41 -8

83 -9
6 -5

83 -9
81 -9

83 -9
82 -9

82 -9
41 -8

82 -9
21 -7

82 -9
81 -9

82 -9
11 -6

82 -9
6 -5

82 -9
3 -4

81 -9
41 -8

81 -9
21 -7

81 -9
82 -9

81 -9
11 -6

81 -9
6 -5

81 -9
3 -4

80 -9
20 -7

80 -9
79 -9

80 -9
10 -6

80 -9
39 -8

80 -9
5 -5

80 -9
3 -4

79 -9
20 -7

79 -9
10 -6

79 -9
39 -8

79 -9
5 -5

79 -9
3 -4

79 -9
37 -8

78 -9
39 -8

78 -9
20 -7

78 -9
10 -6

78 -9
5 -5

78 -9
79 -9

78 -9
3 -4

77 -9
39 -8

77 -9
20 -7

77 -9
10 -6

77 -9
5 -5

77 -9
79 -9

77 -9
3 -4

76 -9
10 -6

76 -9
37 -8

76 -9
5 -5

76 -9
20 -7

76 -9
73 -9

76 -9
3 -4

75 -9
10 -6

75 -9
37 -8

75 -9
5 -5

75 -9
20 -7

75 -9
73 -9

75 -9
3 -4

74 -9
37 -8

74 -9
73 -9

74 -9
10 -6

74 -9
5 -5

74 -9
20 -7

74 -9
3 -4

73 -9
37 -8

73 -9
10 -6

73 -9
5 -5

73 -9
20 -7

73 -9
3 -4

73 -9
39 -8

72 -9
36 -8

72 -9
5 -5

72 -9
17 -7

72 -9
3 -4

72 -9
10 -6

72 -9
33 -8

71 -9
36 -8

71 -9
5 -5

71 -9
17 -7

71 -9
3 -4

71 -9
10 -6

71 -9
33 -8

70 -9
36 -8

70 -9
5 -5

70 -9
17 -7

70 -9
3 -4

70 -9
10 -6

70 -9
33 -8

69 -9
36 -8

69 -9
5 -5

69 -9
17 -7

69 -9
3 -4

69 -9
10 -6

69 -9
33 -8

68 -9
34 -8

68 -9
17 -7

68 -9
33 -8

68 -9
5 -5

68 -9
3 -4

68 -9
10 -6

67 -9
34 -8

67 -9
17 -7

67 -9
33 -8

67 -9
5 -5

67 -9
3 -4

67 -9
10 -6

66 -9
33 -8

66 -9
17 -7

66 -9
34 -8

66 -9
5 -5

66 -9
3 -4

66 -9
10 -6

65 -9
33 -8

65 -9
17 -7

65 -9
34 -8

65 -9
5 -5

65 -9
3 -4

65 -9
10 -6

64 -9
4 -5

64 -9
15 -7

64 -9
2 -4

64 -9
7 -6

64 -9
29 -8

64 -9
1 -3

63 -9
4 -5

63 -9
2 -4

63 -9
7 -6

63 -9
1 -3

63 -9
3 -5

63 -9
13 -7

62 -9
4 -5

62 -9
2 -4

62 -9
7 -6

62 -9
1 -3

62 -9
3 -5

62 -9
13 -7

61 -9
4 -5

61 -9
2 -4

61 -9
7 -6

61 -9
1 -3

61 -9
3 -5

61 -9
13 -7

60 -9
15 -7

60 -9
29 -8

60 -9
4 -5

60 -9
2 -4

60 -9
7 -6

60 -9
1 -3

59 -9
4 -5

59 -9
2 -4

59 -9
7 -6

59 -9
1 -3

59 -9
3 -5

59 -9
13 -7

58 -9
4 -5

58 -9
2 -4

58 -9
7 -6

58 -9
1 -3

58 -9
3 -5

58 -9
13 -7

57 -9
29 -8

57 -9
15 -7

57 -9
4 -5

57 -9
60 -9

57 -9
2 -4

57 -9
7 -6

56 -9
14 -7

56 -9
7 -6

56 -9
27 -8

56 -9
4 -5

56 -9
13 -7

56 -9
53 -9

55 -9
14 -7

55 -9
7 -6

55 -9
27 -8

55 -9
4 -5

55 -9
13 -7

55 -9
53 -9

54 -9
27 -8

54 -9
14 -7

54 -9
53 -9

54 -9
7 -6

54 -9
4 -5

54 -9
13 -7

53 -9
27 -8

53 -9
14 -7

53 -9
54 -9

53 -9
7 -6

53 -9
4 -5

53 -9
13 -7

52 -9
26 -8

52 -9
13 -7

52 -9
7 -6

52 -9
4 -5

52 -9
14 -7

52 -9
50 -9

51 -9
26 -8

51 -9
13 -7

51 -9
7 -6

51 -9
4 -5

51 -9
14 -7

51 -9
50 -9

50 -9
13 -7

50 -9
7 -6

50 -9
26 -8

50 -9
4 -5

50 -9
14 -7

50 -9
2 -4

49 -9
13 -7

49 -9
50 -9

49 -9
7 -6

49 -9
26 -8

49 -9
4 -5

49 -9
14 -7

48 -9
24 -8

48 -9
6 -6

48 -9
3 -5

48 -9
11 -7

48 -9
2 -4

48 -9
5 -6

47 -9
24 -8

47 -9
6 -6

47 -9
3 -5

47 -9
11 -7

47 -9
2 -4

47 -9
5 -6

46 -9
6 -6

46 -9
24 -8

46 -9
3 -5

46 -9
11 -7

46 -9
2 -4

46 -9
5 -6

45 -9
6 -6

45 -9
24 -8

45 -9
3 -5

45 -9
11 -7

45 -9
2 -4

45 -9
5 -6

44 -9
11 -7

44 -9
6 -6

44 -9
3 -5

44 -9
2 -4

44 -9
5 -6

44 -9
24 -8

43 -9
11 -7

43 -9
6 -6

43 -9
3 -5

43 -9
2 -4

43 -9
5 -6

43 -9
24 -8

42 -9
11 -7

42 -9
6 -6

42 -9
3 -5

42 -9
2 -4

42 -9
5 -6

42 -9
24 -8

41 -9
11 -7

41 -9
6 -6

41 -9
3 -5

41 -9
2 -4

41 -9
5 -6

41 -9
24 -8

40 -9
10 -7

40 -9
39 -9

40 -9
5 -6

40 -9
3 -5

40 -9
9 -7

40 -9
37 -9

39 -9
10 -7

39 -9
5 -6

39 -9
3 -5

39 -9
9 -7

39 -9
37 -9

39 -9
2 -4

38 -9
10 -7

38 -9
37 -9

38 -9
5 -6

38 -9
3 -5

38 -9
9 -7

38 -9
39 -9

37 -9
10 -7

37 -9
5 -6

37 -9
3 -5

37 -9
9 -7

37 -9
39 -9

37 -9
2 -4

36 -9
9 -7

36 -9
5 -6

36 -9
17 -8

36 -9
3 -5

36 -9
10 -7

36 -9
34 -9

35 -9
9 -7

35 -9
5 -6

35 -9
17 -8

35 -9
3 -5

35 -9
10 -7

35 -9
34 -9

34 -9
17 -8

34 -9
9 -7

34 -9
5 -6

34 -9
3 -5

34 -9
10 -7

34 -9
2 -4

33 -9
17 -8

33 -9
9 -7

33 -9
34 -9

33 -9
5 -6

33 -9
3 -5

33 -9
10 -7

32 -9
16 -8

32 -9
8 -7

32 -9
4 -6

32 -9
2 -5

32 -9
7 -7

32 -9
29 -9

31 -9
16 -8

31 -9
8 -7

31 -9
4 -6

31 -9
2 -5

31 -9
7 -7

31 -9
29 -9

30 -9
8 -7

30 -9
29 -9

30 -9
4 -6

30 -9
16 -8

30 -9
2 -5

30 -9
7 -7

29 -9
8 -7

29 -9
4 -6

29 -9
16 -8

29 -9
2 -5

29 -9
7 -7

29 -9
1 -4

28 -9
14 -8

28 -9
7 -7

28 -9
4 -6

28 -9
13 -8

28 -9
2 -5

28 -9
8 -7

27 -9
14 -8

27 -9
7 -7

27 -9
4 -6

27 -9
13 -8

27 -9
2 -5

27 -9
8 -7

26 -9
13 -8

26 -9
7 -7

26 -9
4 -6

26 -9
14 -8

26 -9
2 -5

26 -9
8 -7

25 -9
13 -8

25 -9
7 -7

25 -9
26 -9

25 -9
4 -6

25 -9
14 -8

25 -9
2 -5

24 -9
6 -7

24 -9
3 -6

24 -9
11 -8

24 -9
2 -5

24 -9
5 -7

24 -9
21 -9

23 -9
6 -7

23 -9
3 -6

23 -9
11 -8

23 -9
2 -5

23 -9
5 -7

23 -9
21 -9

22 -9
11 -8

22 -9
6 -7

22 -9
21 -9

22 -9
3 -6

22 -9
2 -5

22 -9
5 -7

21 -9
11 -8

21 -9
6 -7

21 -9
22 -9

21 -9
3 -6

21 -9
2 -5

21 -9
5 -7

20 -9
10 -8

20 -9
5 -7

20 -9
3 -6

20 -9
2 -5

20 -9
6 -7

20 -9
18 -9

19 -9
10 -8

19 -9
5 -7

19 -9
3 -6

19 -9
2 -5

19 -9
6 -7

19 -9
18 -9

18 -9
5 -7

18 -9
3 -6

18 -9
10 -8

18 -9
2 -5

18 -9
6 -7

18 -9
1 -4

17 -9
5 -7

17 -9
18 -9

17 -9
3 -6

17 -9
10 -8

17 -9
2 -5

17 -9
6 -7

16 -9
1 -5

16 -9
1 -4

16 -9
1 -6

16 -9
1 -3

16 -9
2 -5

16 -9
1 -7

15 -9
1 -5

15 -9
1 -4

15 -9
1 -6

15 -9
1 -3

15 -9
2 -5

15 -9
1 -7

14 -9
1 -5

14 -9
3 -7

14 -9
1 -4

14 -9
1 -6

14 -9
6 -8

14 -9
1 -3

13 -9
1 -5

13 -9
3 -7

13 -9
1 -4

13 -9
1 -6

13 -9
6 -8

13 -9
1 -3

12 -9
6 -8

12 -9
3 -7

12 -9
11 -9

12 -9
1 -5

12 -9
9 -9

12 -9
10 -9

11 -9
6 -8

11 -9
3 -7

11 -9
12 -9

11 -9
1 -5

11 -9
9 -9

11 -9
10 -9

10 -9
3 -7

10 -9
9 -9

10 -9
6 -8

10 -9
1 -5

10 -9
11 -9

10 -9
12 -9

9 -9
3 -7

9 -9
10 -9

9 -9
6 -8

9 -9
1 -5

9 -9
11 -9

9 -9
12 -9

8 -9
2 -7

8 -9
1 -6

8 -9
1 -5

8 -9
1 -7

8 -9
5 -9

8 -9
6 -9

7 -9
2 -7

7 -9
1 -6

7 -9
1 -5

7 -9
1 -7

7 -9
5 -9

7 -9
6 -9

6 -9
2 -7

6 -9
5 -9

6 -9
1 -6

6 -9
1 -5

6 -9
1 -7

6 -9
1 -4

5 -9
2 -7

5 -9
6 -9

5 -9
1 -6

5 -9
1 -5

5 -9
1 -7

5 -9
1 -4

4 -9
1 -7

4 -9
3 -9

4 -9
1 -6

4 -9
1 -8

4 -9
1 -5

4 -9
2 -7

3 -9
1 -7

3 -9
1 -6

3 -9
1 -8

3 -9
1 -5

3 -9
2 -7

3 -9
2 -9

2 -9
1 -8

2 -9
1 -7

2 -9
1 -6

2 -9
1 -5

2 -9
2 -7

2 -9
3 -9

1 -9
1 -8

1 -9
1 -7

1 -9
2 -9

1 -9
1 -6

1 -9
1 -5

1 -9
2 -7

-1 -9
-1 -4

-1 -9
-1 -3

-1 -9
-2 -5

-1 -9
-1 -2

-1 -9
-2 -4

-1 -9
-4 -6

-2 -9
-1 -8

-2 -9
-1 -7

-2 -9
-1 -6

-2 -9
-2 -8

-2 -9
-2 -7

-2 -9
-1 -4

-3 -9
-2 -8

-3 -9
-1 -7

-3 -9
-1 -6

-3 -9
-1 -8

-3 -9
-2 -7

-3 -9
-1 -4

-4 -9
-2 -8

-4 -9
-1 -7

-4 -9
-1 -6

-4 -9
-1 -8

-4 -9
-2 -7

-4 -9
-1 -4

-5 -9
-2 -7

-5 -9
-1 -6

-5 -9
-4 -8

-5 -9
-1 -7

-5 -9
-1 -4

-5 -9
-2 -6

-6 -9
-1 -4

-6 -9
-1 -3

-6 -9
-2 -5

-6 -9
-1 -2

-6 -9
-2 -4

-6 -9
-4 -6

-7 -9
-4 -8

-7 -9
-2 -7

-7 -9
-1 -6

-7 -9
-1 -7

-7 -9
-1 -4

-7 -9
-2 -6

-8 -9
-4 -8

-8 -9
-2 -7

-8 -9
-1 -6

-8 -9
-1 -7

-8 -9
-1 -4

-8 -9
-2 -6

-9 -9
-2 -6

-9 -9
-4 -7

-9 -9
-1 -4

-9 -9
-1 -6

-9 -9
-8 -8

-9 -9
-1 -3

-10 -9
-2 -6

-10 -9
-4 -7

-10 -9
-1 -4

-10 -9
-1 -6

-10 -9
-8 -8

-10 -9
-1 -3

-11 -9
-2 -6

-11 -9
-4 -7

-11 -9
-1 -4

-11 -9
-1 -6

-11 -9
-8 -8

-11 -9
-1 -3

-12 -9
-2 -6

-12 -9
-4 -7

-12 -9
-1 -4

-12 -9
-1 -6

-12 -9
-8 -8

-12 -9
-1 -3

-13 -9
-1 -4

-13 -9
-1 -3

-13 -9
-2 -5

-13 -9
-1 -2

-13 -9
-2 -4

-13 -9
-4 -6

-14 -9
-4 -7

-14 -9
-2 -6

-14 -9
-8 -8

-14 -9
-15 -9

-14 -9
-1 -4

-14 -9
-1 -6

-15 -9
-8 -8

-15 -9
-4 -7

-15 -9
-2 -6

-15 -9
-1 -4

-15 -9
-1 -6

-15 -9
-1 -3

-16 -9
-8 -8

-16 -9
-4 -7

-16 -9
-15 -9

-16 -9
-2 -6

-16 -9
-1 -4

-16 -9
-1 -6

-17 -9
-5 -7

-17 -9
-3 -6

-17 -9
-10 -8

-17 -9
-2 -5

-17 -9
-6 -7

-17 -9
-1 -4

-18 -9
-5 -7

-18 -9
-17 -9

-18 -9
-3 -6

-18 -9
-10 -8

-18 -9
-2 -5

-18 -9
-6 -7

-19 -9
-10 -8

-19 -9
-5 -7

-19 -9
-3 -6

-19 -9
-2 -5

-19 -9
-6 -7

-19 -9
-17 -9

-20 -9
-10 -8

-20 -9
-5 -7

-20 -9
-3 -6

-20 -9
-2 -5

-20 -9
-6 -7

-20 -9
-17 -9

-21 -9
-6 -7

-21 -9
-22 -9

-21 -9
-3 -6

-21 -9
-2 -5

-21 -9
-5 -7

-21 -9
-24 -9

-22 -9
-6 -7

-22 -9
-21 -9

-22 -9
-3 -6

-22 -9
-2 -5

-22 -9
-5 -7

-22 -9
-24 -9

-23 -9
-6 -7

-23 -9
-24 -9

-23 -9
-3 -6

-23 -9
-2 -5

-23 -9
-5 -7

-23 -9
-22 -9

-24 -9
-6 -7

-24 -9
-23 -9

-24 -9
-3 -6

-24 -9
-2 -5

-24 -9
-5 -7

-24 -9
-22 -9

-25 -9
-13 -8

-25 -9
-7 -7

-25 -9
-4 -6

-25 -9
-2 -5

-25 -9
-8 -7

-25 -9
-1 -4

-26 -9
-13 -8

-26 -9
-7 -7

-26 -9
-4 -6

-26 -9
-2 -5

-26 -9
-8 -7

-26 -9
-1 -4

-27 -9
-7 -7

-27 -9
-4 -6

-27 -9
-13 -8

-27 -9
-2 -5

-27 -9
-8 -7

-27 -9
-1 -4

-28 -9
-7 -7

-28 -9
-4 -6

-28 -9
-13 -8

-28 -9
-2 -5

-28 -9
-8 -7

-28 -9
-1 -4

-29 -9
-15 -8

-29 -9
-8 -7

-29 -9
-4 -6

-29 -9
-16 -8

-29 -9
-2 -5

-29 -9
-7 -7

-30 -9
-15 -8

-30 -9
-8 -7

-30 -9
-29 -9

-30 -9
-4 -6

-30 -9
-16 -8

-30 -9
-2 -5

-31 -9
-16 -8

-31 -9
-8 -7

-31 -9
-4 -6

-31 -9
-15 -8

-31 -9
-2 -5

-31 -9
-7 -7

-32 -9
-16 -8

-32 -9
-8 -7

-32 -9
-4 -6

-32 -9
-15 -8

-32 -9
-2 -5

-32 -9
-7 -7

-33 -9
-5 -6

-33 -9
-3 -5

-33 -9
-10 -7

-33 -9
-2 -4

-33 -9
-6 -6

-33 -9
-1 -3

-34 -9
-5 -6

-34 -9
-3 -5

-34 -9
-10 -7

-34 -9
-2 -4

-34 -9
-6 -6

-34 -9
-1 -3

-35 -9
-5 -6

-35 -9
-3 -5

-35 -9
-10 -7

-35 -9
-2 -4

-35 -9
-6 -6

-35 -9
-1 -3

-36 -9
-5 -6

-36 -9
-3 -5

-36 -9
-10 -7

-36 -9
-34 -9

-36 -9
-2 -4

-36 -9
-6 -6

-37 -9
-10 -7

-37 -9
-5 -6

-37 -9
-3 -5

-37 -9
-40 -9

-37 -9
-2 -4

-37 -9
-6 -6

-38 -9
-10 -7

-38 -9
-5 -6

-38 -9
-3 -5

-38 -9
-40 -9

-38 -9
-2 -4

-38 -9
-6 -6

-39 -9
-10 -7

-39 -9
-40 -9

-39 -9
-5 -6

-39 -9
-3 -5

-39 -9
-2 -4

-39 -9
-6 -6

-40 -9
-10 -7

-40 -9
-5 -6

-40 -9
-3 -5

-40 -9
-2 -4

-40 -9
-6 -6

-40 -9
-1 -3

-41 -9
-21 -8

-41 -9
-11 -7

-41 -9
-6 -6

-41 -9
-3 -5

-41 -9
-12 -7

-41 -9
-2 -4

-42 -9
-21 -8

-42 -9
-11 -7

-42 -9
-41 -9

-42 -9
-6 -6

-42 -9
-3 -5

-42 -9
-12 -7

-43 -9
-11 -7

-43 -9
-6 -6

-43 -9
-21 -8

-43 -9
-3 -5

-43 -9
-12 -7

-43 -9
-41 -9

-44 -9
-11 -7

-44 -9
-6 -6

-44 -9
-21 -8

-44 -9
-3 -5

-44 -9
-12 -7

-44 -9
-41 -9

-45 -9
-23 -8

-45 -9
-12 -7

-45 -9
-6 -6

-45 -9
-3 -5

-45 -9
-11 -7

-45 -9
-2 -4

-46 -9
-23 -8

-46 -9
-12 -7

-46 -9
-6 -6

-46 -9
-3 -5

-46 -9
-11 -7

-46 -9
-2 -4

-47 -9
-12 -7

-47 -9
-6 -6

-47 -9
-23 -8

-47 -9
-3 -5

-47 -9
-11 -7

-47 -9
-2 -4

-48 -9
-12 -7

-48 -9
-6 -6

-48 -9
-23 -8

-48 -9
-3 -5

-48 -9
-11 -7

-48 -9
-2 -4

-49 -9
-25 -8

-49 -9
-13 -7

-49 -9
-7 -6

-49 -9
-4 -5

-49 -9
-14 -7

-49 -9
-51 -9

-50 -9
-25 -8

-50 -9
-13 -7

-50 -9
-49 -9

-50 -9
-7 -6

-50 -9
-4 -5

-50 -9
-14 -7

-51 -9
-13 -7

-51 -9
-7 -6

-51 -9
-25 -8

-51 -9
-4 -5

-51 -9
-14 -7

-51 -9
-49 -9

-52 -9
-13 -7

-52 -9
-51 -9

-52 -9
-7 -6

-52 -9
-25 -8

-52 -9
-4 -5

-52 -9
-14 -7

-53 -9
-27 -8

-53 -9
-14 -7

-53 -9
-7 -6

-53 -9
-4 -5

-53 -9
-13 -7

-53 -9
-2 -4

-54 -9
-27 -8

-54 -9
-14 -7

-54 -9
-7 -6

-54 -9
-4 -5

-54 -9
-13 -7

-54 -9
-2 -4

-55 -9
-14 -7

-55 -9
-7 -6

-55 -9
-27 -8

-55 -9
-4 -5

-55 -9
-13 -7

-55 -9
-2 -4

-56 -9
-14 -7

-56 -9
-7 -6

-56 -9
-27 -8

-56 -9
-4 -5

-56 -9
-13 -7

-56 -9
-2 -4

-57 -9
-29 -8

-57 -9
-15 -7

-57 -9
-8 -6

-57 -9
-30 -8

-57 -9
-4 -5

-57 -9
-16 -7

-58 -9
-29 -8

-58 -9
-15 -7

-58 -9
-8 -6

-58 -9
-30 -8

-58 -9
-4 -5

-58 -9
-16 -7

-59 -9
-30 -8

-59 -9
-15 -7

-59 -9
-8 -6

-59 -9
-29 -8

-59 -9
-4 -5

-59 -9
-16 -7

-60 -9
-30 -8

-60 -9
-15 -7

-60 -9
-59 -9

-60 -9
-8 -6

-60 -9
-29 -8

-60 -9
-4 -5

-61 -9
-16 -7

-61 -9
-8 -6

-61 -9
-4 -5

-61 -9
-15 -7

-61 -9
-2 -4

-61 -9
-7 -6

-62 -9
-16 -7

-62 -9
-8 -6

-62 -9
-4 -5

-62 -9
-15 -7

-62 -9
-2 -4

-62 -9
-7 -6

-63 -9
-16 -7

-63 -9
-8 -6

-63 -9
-4 -5

-63 -9
-15 -7

-63 -9
-2 -4

-63 -9
-7 -6

-64 -9
-16 -7

-64 -9
-8 -6

-64 -9
-4 -5

-64 -9
-15 -7

-64 -9
-2 -4

-64 -9
-7 -6

-65 -9
-33 -8

-65 -9
-17 -7

-65 -9
-9 -6

-65 -9
-34 -8

-65 -9
-5 -5

-65 -9
-18 -7

-66 -9
-33 -8

-66 -9
-17 -7

-66 -9
-65 -9

-66 -9
-9 -6

-66 -9
-34 -8

-66 -9
-5 -5

-67 -9
-34 -8

-67 -9
-17 -7

-67 -9
-9 -6

-67 -9
-33 -8

-67 -9
-5 -5

-67 -9
-18 -7

-68 -9
-34 -8

-68 -9
-17 -7

-68 -9
-9 -6

-68 -9
-33 -8

-68 -9
-5 -5

-68 -9
-18 -7

-69 -9
-35 -8

-69 -9
-18 -7

-69 -9
-9 -6

-69 -9
-36 -8

-69 -9
-5 -5

-69 -9
-17 -7

-70 -9
-35 -8

-70 -9
-18 -7

-70 -9
-9 -6

-70 -9
-36 -8

-70 -9
-5 -5

-70 -9
-17 -7

-71 -9
-36 -8

-71 -9
-18 -7

-71 -9
-9 -6

-71 -9
-35 -8

-71 -9
-5 -5

-71 -9
-17 -7

-72 -9
-36 -8

-72 -9
-18 -7

-72 -9
-9 -6

-72 -9
-35 -8

-72 -9
-5 -5

-72 -9
-17 -7

-73 -9
-10 -6

-73 -9
-5 -5

-73 -9
-3 -4

-73 -9
-9 -6

-73 -9
-39 -8

-73 -9
-2 -3

-74 -9
-10 -6

-74 -9
-5 -5

-74 -9
-3 -4

-74 -9
-9 -6

-74 -9
-39 -8

-74 -9
-2 -3

-75 -9
-10 -6

-75 -9
-5 -5

-75 -9
-3 -4

-75 -9
-9 -6

-75 -9
-39 -8

-75 -9
-2 -3

-76 -9
-10 -6

-76 -9
-5 -5

-76 -9
-3 -4

-76 -9
-9 -6

-76 -9
-39 -8

-76 -9
-2 -3

-77 -9
-39 -8

-77 -9
-10 -6

-77 -9
-5 -5

-77 -9
-3 -4

-77 -9
-9 -6

-77 -9
-2 -3

-78 -9
-39 -8

-78 -9
-10 -6

-78 -9
-5 -5

-78 -9
-3 -4

-78 -9
-9 -6

-78 -9
-2 -3

-79 -9
-10 -6

-79 -9
-39 -8

-79 -9
-5 -5

-79 -9
-3 -4

-79 -9
-9 -6

-79 -9
-2 -3

-80 -9
-10 -6

-80 -9
-39 -8

-80 -9
-5 -5

-80 -9
-3 -4

-80 -9
-9 -6

-80 -9
-2 -3

-81 -9
-41 -8

-81 -9
-21 -7

-81 -9
-82 -9

-81 -9
-6 -5

-81 -9
-83 -9

-81 -9
-3 -4

-82 -9
-41 -8

-82 -9
-21 -7

-82 -9
-6 -5

-82 -9
-83 -9

-82 -9
-3 -4

-82 -9
-43 -8

-83 -9
-21 -7

-83 -9
-41 -8

-83 -9
-6 -5

-83 -9
-82 -9

-83 -9
-3 -4

-83 -9
-43 -8

-84 -9
-21 -7

-84 -9
-83 -9

-84 -9
-41 -8

-84 -9
-6 -5

-84 -9
-82 -9

-84 -9
-3 -4

-85 -9
-43 -8

-85 -9
-6 -5

-85 -9
-21 -7

-85 -9
-87 -9

-85 -9
-3 -4

-85 -9
-41 -8

-86 -9
-43 -8

-86 -9
-6 -5

-86 -9
-21 -7

-86 -9
-87 -9

-86 -9
-3 -4

-86 -9
-41 -8

-87 -9
-43 -8

-87 -9
-6 -5

-87 -9
-21 -7

-87 -9
-3 -4

-87 -9
-41 -8

-87 -9
-2 -3

-88 -9
-87 -9

-88 -9
-43 -8

-88 -9
-6 -5

-88 -9
-21 -7

-88 -9
-3 -4

-88 -9
-41 -8

-89 -9
-45 -8

-89 -9
-23 -7

-89 -9
-6 -5

-89 -9
-24 -7

-89 -9
-3 -4

-89 -9
-2 -3

-90 -9
-45 -8

-90 -9
-23 -7

-90 -9
-89 -9

-90 -9
-6 -5

-90 -9
-24 -7

-90 -9
-3 -4

-91 -9
-23 -7

-91 -9
-45 -8

-91 -9
-6 -5

-91 -9
-24 -7

-91 -9
-89 -9

-91 -9
-3 -4

-92 -9
-23 -7

-92 -9
-45 -8

-92 -9
-6 -5

-92 -9
-24 -7

-92 -9
-89 -9

-92 -9
-3 -4

-93 -9
-24 -7

-93 -9
-94 -9

-93 -9
-6 -5

-93 -9
-23 -7

-93 -9
-95 -9

-93 -9
-3 -4

-94 -9
-24 -7

-94 -9
-93 -9

-94 -9
-6 -5

-94 -9
-23 -7

-94 -9
-95 -9

-94 -9
-3 -4

-95 -9
-24 -7

-95 -9
-6 -5

-95 -9
-23 -7

-95 -9
-94 -9

-95 -9
-93 -9

-95 -9
-3 -4

-96 -9
-24 -7

-96 -9
-95 -9

-96 -9
-6 -5

-96 -9
-23 -7

-96 -9
-94 -9

-96 -9
-93 -9

-97 -9
-50 -8

-97 -9
-7 -5

-97 -9
-26 -7

-97 -9
-100 -9

-97 -9
-4 -4

-97 -9
-14 -6

-98 -9
-97 -9

-98 -9
-50 -8

-98 -9
-7 -5

-98 -9
-26 -7

-98 -9
-100 -9

-98 -9
-4 -4

-99 -9
-7 -5

-99 -9
-4 -4

-99 -9
-14 -6

-99 -9
-2 -3

-99 -9
-8 -5

-99 -9
-28 -7

-100 -9
-50 -8

-100 -9
-7 -5

-100 -9
-26 -7

-100 -9
-97 -9

-100 -9
-4 -4

-100 -9
-14 -6

-101 -9
-7 -5

-101 -9
-4 -4

-101 -9
-14 -6

-101 -9
-2 -3

-101 -9
-8 -5

-101 -9
-28 -7

-102 -9
-26 -7

-102 -9
-7 -5

-102 -9
-4 -4

-102 -9
-14 -6

-102 -9
-50 -8

-102 -9
-2 -3

-103 -9
-26 -7

-103 -9
-7 -5

-103 -9
-4 -4

-103 -9
-14 -6

-103 -9
-50 -8

-103 -9
-2 -3

-104 -9
-26 -7

-104 -9
-7 -5

-104 -9
-4 -4

-104 -9
-14 -6

-104 -9
-50 -8

-104 -9
-2 -3

-105 -9
-27 -7

-105 -9
-14 -6

-105 -9
-7 -5

-105 -9
-28 -7

-105 -9
-4 -4

-105 -9
-56 -8

-106 -9
-27 -7

-106 -9
-14 -6

-106 -9
-7 -5

-106 -9
-28 -7

-106 -9
-4 -4

-106 -9
-56 -8

-107 -9
-27 -7

-107 -9
-14 -6

-107 -9
-7 -5

-107 -9
-28 -7

-107 -9
-4 -4

-107 -9
-56 -8

-108 -9
-27 -7

-108 -9
-14 -6

-108 -9
-7 -5

-108 -9
-28 -7

-108 -9
-4 -4

-108 -9
-56 -8

-109 -9
-55 -8

-109 -9
-28 -7

-109 -9
-14 -6

-109 -9
-56 -8

-109 -9
-7 -5

-109 -9
-27 -7

-110 -9
-55 -8

-110 -9
-28 -7

-110 -9
-14 -6

-110 -9
-56 -8

-110 -9
-7 -5

-110 -9
-27 -7

-111 -9
-56 -8

-111 -9
-28 -7

-111 -9
-14 -6

-111 -9
-55 -8

-111 -9
-7 -5

-111 -9
-27 -7

-112 -9
-56 -8

-112 -9
-28 -7

-112 -9
-14 -6

-112 -9
-55 -8

-112 -9
-7 -5

-112 -9
-27 -7

-113 -9
-57 -8

-113 -9
-15 -6

-113 -9
-58 -8

-113 -9
-8 -5

-113 -9
-30 -7

-113 -9
-115 -9

-114 -9
-57 -8

-114 -9
-15 -6

-114 -9
-58 -8

-114 -9
-8 -5

-114 -9
-30 -7

-114 -9
-115 -9

-115 -9
-58 -8

-115 -9
-15 -6

-115 -9
-57 -8

-115 -9
-8 -5

-115 -9
-30 -7

-115 -9
-4 -4

-116 -9
-58 -8

-116 -9
-115 -9

-116 -9
-15 -6

-116 -9
-57 -8

-116 -9
-8 -5

-116 -9
-30 -7

-117 -9
-30 -7

-117 -9
-15 -6

-117 -9
-60 -8

-117 -9
-8 -5

-117 -9
-119 -9

-117 -9
-4 -4

-118 -9
-30 -7

-118 -9
-117 -9

-118 -9
-15 -6

-118 -9
-60 -8

-118 -9
-8 -5

-118 -9
-119 -9

-119 -9
-60 -8

-119 -9
-30 -7

-119 -9
-15 -6

-119 -9
-8 -5

-119 -9
-117 -9

-119 -9
-4 -4

-120 -9
-60 -8

-120 -9
-30 -7

-120 -9
-119 -9

-120 -9
-15 -6

-120 -9
-8 -5

-120 -9
-117 -9

-121 -9
-122 -9

-121 -9
-16 -6

-121 -9
-62 -8

-121 -9
-8 -5

-121 -9
-32 -7

-121 -9
-4 -4

-122 -9
-16 -6

-122 -9
-62 -8

-122 -9
-8 -5

-122 -9
-32 -7

-122 -9
-4 -4

-122 -9
-15 -6

-123 -9
-62 -8

-123 -9
-16 -6

-123 -9
-8 -5

-123 -9
-32 -7

-123 -9
-122 -9

-123 -9
-4 -4

-124 -9
-62 -8

-124 -9
-16 -6

-124 -9
-8 -5

-124 -9
-32 -7

-124 -9
-122 -9

-124 -9
-4 -4

-125 -9
-32 -7

-125 -9
-16 -6

-125 -9
-8 -5

-125 -9
-128 -9

-125 -9
-127 -9

-125 -9
-4 -4

-126 -9
-32 -7

-126 -9
-16 -6

-126 -9
-8 -5

-126 -9
-128 -9

-126 -9
-127 -9

-126 -9
-4 -4

-127 -9
-32 -7

-127 -9
-128 -9

-127 -9
-16 -6

-127 -9
-8 -5

-127 -9
-4 -4

-127 -9
-15 -6

-128 -9
-32 -7

-128 -9
-127 -9

-128 -9
-16 -6

-128 -9
-8 -5

-128 -9
-4 -4

-128 -9
-15 -6

-129 -9
-33 -7

-129 -9
-17 -6

-129 -9
-9 -5

-129 -9
-34 -7

-129 -9
-132 -9

-129 -9
-5 -4

-130 -9
-33 -7

-130 -9
-17 -6

-130 -9
-9 -5

-130 -9
-34 -7

-130 -9
-132 -9

-130 -9
-5 -4

-131 -9
-33 -7

-131 -9
-132 -9

-131 -9
-17 -6

-131 -9
-9 -5

-131 -9
-34 -7

-131 -9
-5 -4

-132 -9
-33 -7

-132 -9
-17 -6

-132 -9
-9 -5

-132 -9
-34 -7

-132 -9
-5 -4

-132 -9
-18 -6

-133 -9
-67 -8

-133 -9
-34 -7

-133 -9
-17 -6

-133 -9
-9 -5

-133 -9
-33 -7

-133 -9
-5 -4

-134 -9
-67 -8

-134 -9
-34 -7

-134 -9
-17 -6

-134 -9
-9 -5

-134 -9
-33 -7

-134 -9
-5 -4

-135 -9
-34 -7

-135 -9
-17 -6

-135 -9
-67 -8

-135 -9
-9 -5

-135 -9
-33 -7

-135 -9
-5 -4

-136 -9
-34 -7

-136 -9
-17 -6

-136 -9
-67 -8

-136 -9
-9 -5

-136 -9
-33 -7

-136 -9
-5 -4

-137 -9
-35 -7

-137 -9
-138 -9

-137 -9
-18 -6

-137 -9
-9 -5

-137 -9
-36 -7

-137 -9
-5 -4

-138 -9
-35 -7

-138 -9
-18 -6

-138 -9
-9 -5

-138 -9
-36 -7

-138 -9
-5 -4

-138 -9
-17 -6

-139 -9
-35 -7

-139 -9
-18 -6

-139 -9
-9 -5

-139 -9
-36 -7

-139 -9
-138 -9

-139 -9
-5 -4

-140 -9
-35 -7

-140 -9
-18 -6

-140 -9
-9 -5

-140 -9
-36 -7

-140 -9
-138 -9

-140 -9
-5 -4

-141 -9
-71 -8

-141 -9
-36 -7

-141 -9
-142 -9

-141 -9
-18 -6

-141 -9
-72 -8

-141 -9
-9 -5

-142 -9
-71 -8

-142 -9
-36 -7

-142 -9
-18 -6

-142 -9
-72 -8

-142 -9
-9 -5

-142 -9
-35 -7

-143 -9
-72 -8

-143 -9
-36 -7

-143 -9
-144 -9

-143 -9
-18 -6

-143 -9
-71 -8

-143 -9
-9 -5

-144 -9
-72 -8

-144 -9
-36 -7

-144 -9
-143 -9

-144 -9
-18 -6

-144 -9
-71 -8

-144 -9
-9 -5

-145 -9
-73 -8

-145 -9
-37 -7

-145 -9
-19 -6

-145 -9
-74 -8

-145 -9
-10 -5

-145 -9
-5 -4

-146 -9
-73 -8

-146 -9
-37 -7

-146 -9
-19 -6

-146 -9
-74 -8

-146 -9
-10 -5

-146 -9
-5 -4

-147 -9
-74 -8

-147 -9
-37 -7

-147 -9
-19 -6

-147 -9
-73 -8

-147 -9
-10 -5

-147 -9
-5 -4

-148 -9
-74 -8

-148 -9
-37 -7

-148 -9
-19 -6

-148 -9
-73 -8

-148 -9
-10 -5

-148 -9
-5 -4

-149 -9
-150 -9

-149 -9
-19 -6

-149 -9
-76 -8

-149 -9
-10 -5

-149 -9
-37 -7

-149 -9
-152 -9

-150 -9
-19 -6

-150 -9
-76 -8

-150 -9
-10 -5

-150 -9
-37 -7

-150 -9
-152 -9

-150 -9
-5 -4

-151 -9
-76 -8

-151 -9
-152 -9

-151 -9
-19 -6

-151 -9
-10 -5

-151 -9
-37 -7

-151 -9
-150 -9

-152 -9
-76 -8

-152 -9
-19 -6

-152 -9
-10 -5

-152 -9
-37 -7

-152 -9
-150 -9

-152 -9
-5 -4

-153 -9
-77 -8

-153 -9
-20 -6

-153 -9
-78 -8

-153 -9
-10 -5

-153 -9
-40 -7

-153 -9
-156 -9

-154 -9
-77 -8

-154 -9
-153 -9

-154 -9
-20 -6

-154 -9
-78 -8

-154 -9
-10 -5

-154 -9
-40 -7

-155 -9
-78 -8

-155 -9
-156 -9

-155 -9
-20 -6

-155 -9
-77 -8

-155 -9
-10 -5

-155 -9
-40 -7

-156 -9
-78 -8

-156 -9
-20 -6

-156 -9
-77 -8

-156 -9
-10 -5

-156 -9
-40 -7

-156 -9
-153 -9

-157 -9
-40 -7

-157 -9
-20 -6

-157 -9
-10 -5

-157 -9
-5 -4

-157 -9
-19 -6

-157 -9
-78 -8

-158 -9
-40 -7

-158 -9
-20 -6

-158 -9
-10 -5

-158 -9
-5 -4

-158 -9
-19 -6

-158 -9
-78 -8

-159 -9
-40 -7

-159 -9
-20 -6

-159 -9
-10 -5

-159 -9
-5 -4

-159 -9
-19 -6

-159 -9
-78 -8

-160 -9
-40 -7

-160 -9
-20 -6

-160 -9
-10 -5

-160 -9
-5 -4

-160 -9
-19 -6

-160 -9
-78 -8

-161 -9
-21 -6

-161 -9
-11 -5

-161 -9
-42 -7

-161 -9
-6 -4

-161 -9
-22 -6

-161 -9
-83 -8

-162 -9
-21 -6

-162 -9
-11 -5

-162 -9
-42 -7

-162 -9
-6 -4

-162 -9
-22 -6

-162 -9
-83 -8

-163 -9
-21 -6

-163 -9
-11 -5

-163 -9
-42 -7

-163 -9
-6 -4

-163 -9
-22 -6

-163 -9
-83 -8

-164 -9
-21 -6

-164 -9
-11 -5

-164 -9
-42 -7

-164 -9
-6 -4

-164 -9
-22 -6

-164 -9
-83 -8

-165 -9
-83 -8

-165 -9
-42 -7

-165 -9
-21 -6

-165 -9
-11 -5

-165 -9
-6 -4

-165 -9
-22 -6

-166 -9
-83 -8

-166 -9
-42 -7

-166 -9
-21 -6

-166 -9
-11 -5

-166 -9
-6 -4

-166 -9
-22 -6

-167 -9
-42 -7

-167 -9
-21 -6

-167 -9
-83 -8

-167 -9
-11 -5

-167 -9
-6 -4

-167 -9
-22 -6

-168 -9
-42 -7

-168 -9
-21 -6

-168 -9
-83 -8

-168 -9
-11 -5

-168 -9
-6 -4

-168 -9
-22 -6

-169 -9
-43 -7

-169 -9
-22 -6

-169 -9
-86 -8

-169 -9
-11 -5

-169 -9
-6 -4

-169 -9
-21 -6

-170 -9
-43 -7

-170 -9
-22 -6

-170 -9
-86 -8

-170 -9
-11 -5

-170 -9
-6 -4

-170 -9
-21 -6

-171 -9
-86 -8

-171 -9
-43 -7

-171 -9
-22 -6

-171 -9
-11 -5

-171 -9
-6 -4

-171 -9
-21 -6

-172 -9
-86 -8

-172 -9
-43 -7

-172 -9
-22 -6

-172 -9
-11 -5

-172 -9
-6 -4

-172 -9
-21 -6

-173 -9
-87 -8

-173 -9
-22 -6

-173 -9
-11 -5

-173 -9
-43 -7

-173 -9
-175 -9

-173 -9
-6 -4

-174 -9
-87 -8

-174 -9
-22 -6

-174 -9
-11 -5

-174 -9
-43 -7

-174 -9
-175 -9

-174 -9
-6 -4

-175 -9
-22 -6

-175 -9
-87 -8

-175 -9
-11 -5

-175 -9
-43 -7

-175 -9
-6 -4

-175 -9
-21 -6

-176 -9
-175 -9

-176 -9
-22 -6

-176 -9
-87 -8

-176 -9
-11 -5

-176 -9
-43 -7

-176 -9
-6 -4

-177 -9
-45 -7

-177 -9
-23 -6

-177 -9
-12 -5

-177 -9
-46 -7

-177 -9
-179 -9

-177 -9
-6 -4

-178 -9
-45 -7

-178 -9
-23 -6

-178 -9
-12 -5

-178 -9
-46 -7

-178 -9
-179 -9

-178 -9
-6 -4

-179 -9
-45 -7

-179 -9
-23 -6

-179 -9
-12 -5

-179 -9
-46 -7

-179 -9
-6 -4

-179 -9
-24 -6

-180 -9
-45 -7

-180 -9
-179 -9

-180 -9
-23 -6

-180 -9
-12 -5

-180 -9
-46 -7

-180 -9
-6 -4

-181 -9
-46 -7

-181 -9
-23 -6

-181 -9
-92 -8

-181 -9
-12 -5

-181 -9
-45 -7

-181 -9
-183 -9

-182 -9
-46 -7

-182 -9
-23 -6

-182 -9
-92 -8

-182 -9
-12 -5

-182 -9
-45 -7

-182 -9
-183 -9

-183 -9
-92 -8

-183 -9
-46 -7

-183 -9
-23 -6

-183 -9
-12 -5

-183 -9
-45 -7

-183 -9
-6 -4

-184 -9
-92 -8

-184 -9
-46 -7

-184 -9
-183 -9

-184 -9
-23 -6

-184 -9
-12 -5

-184 -9
-45 -7

-185 -9
-93 -8

-185 -9
-47 -7

-185 -9
-24 -6

-185 -9
-12 -5

-185 -9
-48 -7

-185 -9
-188 -9

-186 -9
-93 -8

-186 -9
-47 -7

-186 -9
-24 -6

-186 -9
-12 -5

-186 -9
-48 -7

-186 -9
-188 -9

-187 -9
-47 -7

-187 -9
-188 -9

-187 -9
-24 -6

-187 -9
-93 -8

-187 -9
-12 -5

-187 -9
-48 -7

-188 -9
-47 -7

-188 -9
-24 -6

-188 -9
-93 -8

-188 -9
-12 -5

-188 -9
-48 -7

-188 -9
-6 -4

-189 -9
-95 -8

-189 -9
-48 -7

-189 -9
-24 -6

-189 -9
-96 -8

-189 -9
-12 -5

-189 -9
-47 -7

-190 -9
-95 -8

-190 -9
-48 -7

-190 -9
-24 -6

-190 -9
-96 -8

-190 -9
-12 -5

-190 -9
-47 -7

-191 -9
-96 -8

-191 -9
-48 -7

-191 -9
-24 -6

-191 -9
-95 -8

-191 -9
-12 -5

-191 -9
-47 -7

-192 -9
-96 -8

-192 -9
-48 -7

-192 -9
-24 -6

-192 -9
-95 -8

-192 -9
-12 -5

-192 -9
-47 -7

-193 -9
-49 -7

-193 -9
-25 -6

-193 -9
-13 -5

-193 -9
-50 -7

-193 -9
-7 -4

-193 -9
-26 -6

-194 -9
-49 -7

-194 -9
-25 -6

-194 -9
-13 -5

-194 -9
-50 -7

-194 -9
-7 -4

-194 -9
-26 -6

-195 -9
-49 -7

-195 -9
-25 -6

-195 -9
-13 -5

-195 -9
-50 -7

-195 -9
-7 -4

-195 -9
-26 -6

-196 -9
-49 -7

-196 -9
-25 -6

-196 -9
-13 -5

-196 -9
-50 -7

-196 -9
-7 -4

-196 -9
-26 -6

-197 -9
-50 -7

-197 -9
-198 -9

-197 -9
-25 -6

-197 -9
-100 -8

-197 -9
-13 -5

-197 -9
-49 -7

-198 -9
-50 -7

-198 -9
-25 -6

-198 -9
-100 -8

-198 -9
-13 -5

-198 -9
-49 -7

-198 -9
-200 -9

-199 -9
-100 -8

-199 -9
-50 -7

-199 -9
-200 -9

-199 -9
-25 -6

-199 -9
-13 -5

-199 -9
-49 -7

-200 -9
-100 -8

-200 -9
-50 -7

-200 -9
-25 -6

-200 -9
-13 -5

-200 -9
-49 -7

-200 -9
-198 -9

-201 -9
-51 -7

-201 -9
-26 -6

-201 -9
-102 -8

-201 -9
-13 -5

-201 -9
-52 -7

-201 -9
-7 -4

-202 -9
-51 -7

-202 -9
-26 -6

-202 -9
-102 -8

-202 -9
-13 -5

-202 -9
-52 -7

-202 -9
-7 -4

-203 -9
-102 -8

-203 -9
-51 -7

-203 -9
-26 -6

-203 -9
-13 -5

-203 -9
-52 -7

-203 -9
-7 -4

-204 -9
-102 -8

-204 -9
-51 -7

-204 -9
-26 -6

-204 -9
-13 -5

-204 -9
-52 -7

-204 -9
-7 -4

-205 -9
-52 -7

-205 -9
-26 -6

-205 -9
-13 -5

-205 -9
-51 -7

-205 -9
-7 -4

-205 -9
-25 -6

-206 -9
-52 -7

-206 -9
-26 -6

-206 -9
-13 -5

-206 -9
-51 -7

-206 -9
-7 -4

-206 -9
-25 -6

-207 -9
-52 -7

-207 -9
-26 -6

-207 -9
-13 -5

-207 -9
-51 -7

-207 -9
-7 -4

-207 -9
-25 -6

-208 -9
-52 -7

-208 -9
-26 -6

-208 -9
-13 -5

-208 -9
-51 -7

-208 -9
-7 -4

-208 -9
-25 -6

-209 -9
-53 -7

-209 -9
-210 -9

-209 -9
-27 -6

-209 -9
-14 -5

-209 -9
-54 -7

-209 -9
-7 -4

-210 -9
-53 -7

-210 -9
-27 -6

-210 -9
-14 -5

-210 -9
-54 -7

-210 -9
-7 -4

-210 -9
-28 -6

-211 -9
-53 -7

-211 -9
-27 -6

-211 -9
-14 -5

-211 -9
-54 -7

-211 -9
-210 -9

-211 -9
-7 -4

-212 -9
-53 -7

-212 -9
-27 -6

-212 -9
-14 -5

-212 -9
-54 -7

-212 -9
-7 -4

-212 -9
-28 -6

-213 -9
-107 -8

-213 -9
-54 -7

-213 -9
-27 -6

-213 -9
-14 -5

-213 -9
-53 -7

-213 -9
-7 -4

-214 -9
-107 -8

-214 -9
-54 -7

-214 -9
-27 -6

-214 -9
-14 -5

-214 -9
-53 -7

-214 -9
-7 -4

-215 -9
-54 -7

-215 -9
-27 -6

-215 -9
-107 -8

-215 -9
-14 -5

-215 -9
-53 -7

-215 -9
-7 -4

-216 -9
-54 -7

-216 -9
-27 -6

-216 -9
-107 -8

-216 -9
-14 -5

-216 -9
-53 -7

-216 -9
-7 -4

-217 -9
-55 -7

-217 -9
-28 -6

-217 -9
-14 -5

-217 -9
-56 -7

-217 -9
-7 -4

-217 -9
-27 -6

-218 -9
-55 -7

-218 -9
-217 -9

-218 -9
-28 -6

-218 -9
-14 -5

-218 -9
-56 -7

-218 -9
-7 -4

-219 -9
-55 -7

-219 -9
-28 -6

-219 -9
-14 -5

-219 -9
-56 -7

-219 -9
-217 -9

-219 -9
-7 -4

-220 -9
-55 -7

-220 -9
-28 -6

-220 -9
-14 -5

-220 -9
-56 -7

-220 -9
-217 -9

-220 -9
-7 -4

-221 -9
-56 -7

-221 -9
-28 -6

-221 -9
-14 -5

-221 -9
-55 -7

-221 -9
-223 -9

-221 -9
-7 -4

-222 -9
-56 -7

-222 -9
-28 -6

-222 -9
-14 -5

-222 -9
-55 -7

-222 -9
-223 -9

-222 -9
-7 -4

-223 -9
-56 -7

-223 -9
-28 -6

-223 -9
-14 -5

-223 -9
-55 -7

-223 -9
-7 -4

-223 -9
-27 -6

-224 -9
-56 -7

-224 -9
-223 -9

-224 -9
-28 -6

-224 -9
-14 -5

-224 -9
-55 -7

-224 -9
-7 -4

-225 -9
-57 -7

-225 -9
-226 -9

-225 -9
-114 -8

-225 -9
-15 -5

-225 -9
-58 -7

-225 -9
-8 -4

-226 -9
-57 -7

-226 -9
-114 -8

-226 -9
-15 -5

-226 -9
-58 -7

-226 -9
-8 -4

-226 -9
-30 -6

-227 -9
-114 -8

-227 -9
-57 -7

-227 -9
-15 -5

-227 -9
-58 -7

-227 -9
-226 -9

-227 -9
-8 -4

-228 -9
-114 -8

-228 -9
-57 -7

-228 -9
-15 -5

-228 -9
-58 -7

-228 -9
-226 -9

-228 -9
-8 -4

-229 -9
-115 -8

-229 -9
-58 -7

-229 -9
-15 -5

-229 -9
-57 -7

-229 -9
-231 -9

-229 -9
-8 -4

-230 -9
-115 -8

-230 -9
-58 -7

-230 -9
-15 -5

-230 -9
-57 -7

-230 -9
-231 -9

-230 -9
-8 -4

-231 -9
-58 -7

-231 -9
-115 -8

-231 -9
-15 -5

-231 -9
-57 -7

-231 -9
-8 -4

-231 -9
-30 -6

-232 -9
-58 -7

-232 -9
-231 -9

-232 -9
-115 -8

-232 -9
-15 -5

-232 -9
-57 -7

-232 -9
-8 -4

-233 -9
-117 -8

-233 -9
-30 -6

-233 -9
-15 -5

-233 -9
-60 -7

-233 -9
-235 -9

-233 -9
-8 -4

-234 -9
-117 -8

-234 -9
-233 -9

-234 -9
-30 -6

-234 -9
-15 -5

-234 -9
-60 -7

-234 -9
-235 -9

-235 -9
-30 -6

-235 -9
-117 -8

-235 -9
-15 -5

-235 -9
-60 -7

-235 -9
-233 -9

-235 -9
-8 -4

-236 -9
-30 -6

-236 -9
-117 -8

-236 -9
-15 -5

-236 -9
-60 -7

-236 -9
-8 -4

-236 -9
-4 -3

-237 -9
-60 -7

-237 -9
-30 -6

-237 -9
-15 -5

-237 -9
-239 -9

-237 -9
-8 -4

-237 -9
-117 -8

-238 -9
-60 -7

-238 -9
-30 -6

-238 -9
-15 -5

-238 -9
-239 -9

-238 -9
-8 -4

-238 -9
-117 -8

-239 -9
-60 -7

-239 -9
-30 -6

-239 -9
-15 -5

-239 -9
-8 -4

-239 -9
-117 -8

-239 -9
-4 -3

-240 -9
-60 -7

-240 -9
-239 -9

-240 -9
-30 -6

-240 -9
-15 -5

-240 -9
-8 -4

-240 -9
-117 -8

-241 -9
-61 -7

-241 -9
-31 -6

-241 -9
-16 -5

-241 -9
-62 -7

-241 -9
-8 -4

-241 -9
-32 -6

-242 -9
-61 -7

-242 -9
-31 -6

-242 -9
-16 -5

-242 -9
-62 -7

-242 -9
-8 -4

-242 -9
-32 -6

-243 -9
-61 -7

-243 -9
-31 -6

-243 -9
-16 -5

-243 -9
-62 -7

-243 -9
-8 -4

-243 -9
-32 -6

-244 -9
-61 -7

-244 -9
-31 -6

-244 -9
-16 -5

-244 -9
-62 -7

-244 -9
-8 -4

-244 -9
-32 -6

-245 -9
-123 -8

-245 -9
-62 -7

-245 -9
-246 -9

-245 -9
-31 -6

-245 -9
-124 -8

-245 -9
-16 -5

-246 -9
-123 -8

-246 -9
-62 -7

-246 -9
-31 -6

-246 -9
-124 -8

-246 -9
-16 -5

-246 -9
-61 -7

-247 -9
-124 -8

-247 -9
-62 -7

-247 -9
-31 -6

-247 -9
-123 -8

-247 -9
-16 -5

-247 -9
-61 -7

-248 -9
-124 -8

-248 -9
-62 -7

-248 -9
-31 -6

-248 -9
-123 -8

-248 -9
-16 -5

-248 -9
-61 -7

-249 -9
-125 -8

-249 -9
-32 -6

-249 -9
-16 -5

-249 -9
-64 -7

-249 -9
-8 -4

-249 -9
-31 -6

-250 -9
-125 -8

-250 -9
-32 -6

-250 -9
-16 -5

-250 -9
-64 -7

-250 -9
-8 -4

-250 -9
-31 -6

-251 -9
-32 -6

-251 -9
-125 -8

-251 -9
-16 -5

-251 -9
-64 -7

-251 -9
-8 -4

-251 -9
-31 -6

-252 -9
-32 -6

-252 -9
-125 -8

-252 -9
-16 -5

-252 -9
-64 -7

-252 -9
-8 -4

-252 -9
-31 -6

-253 -9
-64 -7

-253 -9
-32 -6

-253 -9
-128 -8

-253 -9
-16 -5

-253 -9
-8 -4

-253 -9
-31 -6

-254 -9
-64 -7

-254 -9
-32 -6

-254 -9
-128 -8

-254 -9
-16 -5

-254 -9
-8 -4

-254 -9
-31 -6

-255 -9
-128 -8

-255 -9
-64 -7

-255 -9
-32 -6

-255 -9
-16 -5

-255 -9
-8 -4

-255 -9
-31 -6

-256 -9
-128 -8

-256 -9
-64 -7

-256 -9
-32 -6

-256 -9
-16 -5

-256 -9
-8 -4

-256 -9
-31 -6

128 -8
64 -7

128 -8
32 -6

128 -8
16 -5

128 -8
8 -4

128 -8
4 -3

128 -8
62 -7

127 -8
64 -7

127 -8
32 -6

127 -8
16 -5

127 -8
8 -4

127 -8
4 -3

127 -8
62 -7

126 -8
32 -6

126 -8
16 -5

126 -8
64 -7

126 -8
8 -4

126 -8
4 -3

126 -8
62 -7

125 -8
32 -6

125 -8
16 -5

125 -8
64 -7

125 -8
8 -4

125 -8
4 -3

125 -8
62 -7

124 -8
62 -7

124 -8
123 -8

124 -8
16 -5

124 -8
8 -4

124 -8
32 -6

124 -8
4 -3

123 -8
62 -7

123 -8
124 -8

123 -8
16 -5

123 -8
8 -4

123 -8
32 -6

123 -8
4 -3

122 -8
16 -5

122 -8
62 -7

122 -8
8 -4

122 -8
32 -6

122 -8
123 -8

122 -8
124 -8

121 -8
16 -5

121 -8
62 -7

121 -8
8 -4

121 -8
32 -6

121 -8
123 -8

121 -8
124 -8

120 -8
8 -4

120 -8
29 -6

120 -8
4 -3

120 -8
16 -5

120 -8
57 -7

120 -8
58 -7

119 -8
8 -4

119 -8
29 -6

119 -8
4 -3

119 -8
16 -5

119 -8
57 -7

119 -8
58 -7

118 -8
8 -4

118 -8
29 -6

118 -8
4 -3

118 -8
16 -5

118 -8
57 -7

118 -8
58 -7

117 -8
8 -4

117 -8
29 -6

117 -8
4 -3

117 -8
16 -5

117 -8
57 -7

117 -8
58 -7

116 -8
58 -7

116 -8
231 -9

116 -8
29 -6

116 -8
57 -7

116 -8
229 -9

116 -8
8 -4

115 -8
58 -7

115 -8
229 -9

115 -8
29 -6

115 -8
57 -7

115 -8
231 -9

115 -8
8 -4

114 -8
57 -7

114 -8
29 -6

114 -8
113 -8

114 -8
58 -7

114 -8
226 -9

114 -8
8 -4

113 -8
57 -7

113 -8
226 -9

113 -8
29 -6

113 -8
58 -7

113 -8
8 -4

113 -8
4 -3

112 -8
223 -9

112 -8
224 -9

112 -8
28 -6

112 -8
111 -8

112 -8
14 -5

112 -8
55 -7

111 -8
28 -6

111 -8
14 -5

111 -8
55 -7

111 -8
223 -9

111 -8
224 -9

111 -8
7 -4

110 -8
55 -7

110 -8
28 -6

110 -8
14 -5

110 -8
217 -9

110 -8
218 -9

110 -8
7 -4

109 -8
55 -7

109 -8
217 -9

109 -8
218 -9

109 -8
28 -6

109 -8
110 -8

109 -8
14 -5

108 -8
54 -7

108 -8
216 -9

108 -8
27 -6

108 -8
14 -5

108 -8
53 -7

108 -8
7 -4

107 -8
54 -7

107 -8
27 -6

107 -8
108 -8

107 -8
14 -5

107 -8
53 -7

107 -8
216 -9

106 -8
53 -7

106 -8
27 -6

106 -8
14 -5

106 -8
54 -7

106 -8
7 -4

106 -8
28 -6

105 -8
53 -7

105 -8
27 -6

105 -8
106 -8

105 -8
14 -5

105 -8
54 -7

105 -8
7 -4

104 -8
52 -7

104 -8
207 -9

104 -8
26 -6

104 -8
103 -8

104 -8
13 -5

104 -8
7 -4

103 -8
52 -7

103 -8
26 -6

103 -8
104 -8

103 -8
13 -5

103 -8
207 -9

103 -8
7 -4

102 -8
203 -9

102 -8
26 -6

102 -8
13 -5

102 -8
52 -7

102 -8
201 -9

102 -8
7 -4

101 -8
26 -6

101 -8
13 -5

101 -8
52 -7

101 -8
204 -9

101 -8
7 -4

101 -8
25 -6

100 -8
50 -7

100 -8
25 -6

100 -8
13 -5

100 -8
49 -7

100 -8
7 -4

100 -8
26 -6

99 -8
50 -7

99 -8
25 -6

99 -8
100 -8

99 -8
13 -5

99 -8
49 -7

99 -8
7 -4

98 -8
49 -7

98 -8
25 -6

98 -8
97 -8

98 -8
13 -5

98 -8
50 -7

98 -8
193 -9

97 -8
49 -7

97 -8
193 -9

97 -8
25 -6

97 -8
98 -8

97 -8
13 -5

97 -8
50 -7

96 -8
24 -6

96 -8
95 -8

96 -8
12 -5

96 -8
6 -4

96 -8
23 -6

96 -8
93 -8

95 -8
24 -6

95 -8
12 -5

95 -8
6 -4

95 -8
23 -6

95 -8
93 -8

95 -8
3 -3

94 -8
24 -6

94 -8
93 -8

94 -8
12 -5

94 -8
6 -4

94 -8
23 -6

94 -8
95 -8

93 -8
24 -6

93 -8
12 -5

93 -8
6 -4

93 -8
23 -6

93 -8
95 -8

93 -8
3 -3

92 -8
46 -7

92 -8
23 -6

92 -8
91 -8

92 -8
12 -5

92 -8
45 -7

92 -8
6 -4

91 -8
46 -7

91 -8
23 -6

91 -8
92 -8

91 -8
12 -5

91 -8
45 -7

91 -8
6 -4

90 -8
45 -7

90 -8
179 -9

90 -8
23 -6

90 -8
12 -5

90 -8
46 -7

90 -8
177 -9

89 -8
45 -7

89 -8
177 -9

89 -8
23 -6

89 -8
12 -5

89 -8
46 -7

89 -8
179 -9

88 -8
11 -5

88 -8
43 -7

88 -8
6 -4

88 -8
21 -6

88 -8
85 -8

88 -8
3 -3

87 -8
11 -5

87 -8
43 -7

87 -8
6 -4

87 -8
21 -6

87 -8
85 -8

87 -8
3 -3

86 -8
43 -7

86 -8
85 -8

86 -8
11 -5

86 -8
6 -4

86 -8
21 -6

86 -8
3 -3

85 -8
43 -7

85 -8
11 -5

85 -8
6 -4

85 -8
21 -6

85 -8
3 -3

85 -8
12 -5

84 -8
42 -7

84 -8
167 -9

84 -8
168 -9

84 -8
21 -6

84 -8
83 -8

84 -8
11 -5

83 -8
42 -7

83 -8
166 -9

83 -8
21 -6

83 -8
84 -8

83 -8
11 -5

83 -8
167 -9

82 -8
21 -6

82 -8
11 -5

82 -8
42 -7

82 -8
6 -4

82 -8
83 -8

82 -8
84 -8

81 -8
21 -6

81 -8
82 -8

81 -8
11 -5

81 -8
42 -7

81 -8
6 -4

81 -8
83 -8

80 -8
40 -7

80 -8
159 -9

80 -8
160 -9

80 -8
20 -6

80 -8
79 -8

80 -8
10 -5

79 -8
40 -7

79 -8
157 -9

79 -8
20 -6

79 -8
10 -5

79 -8
39 -7

79 -8
159 -9

78 -8
39 -7

78 -8
156 -9

78 -8
20 -6

78 -8
77 -8

78 -8
10 -5

78 -8
40 -7

77 -8
39 -7

77 -8
153 -9

77 -8
20 -6

77 -8
10 -5

77 -8
40 -7

77 -8
156 -9

76 -8
152 -9

76 -8
19 -6

76 -8
10 -5

76 -8
37 -7

76 -8
5 -4

76 -8
20 -6

75 -8
19 -6

75 -8
76 -8

75 -8
10 -5

75 -8
37 -7

75 -8
152 -9

75 -8
5 -4

74 -8
37 -7

74 -8
19 -6

74 -8
73 -8

74 -8
10 -5

74 -8
5 -4

74 -8
20 -6

73 -8
37 -7

73 -8
19 -6

73 -8
10 -5

73 -8
5 -4

73 -8
20 -6

73 -8
76 -8

72 -8
36 -7

72 -8
143 -9

72 -8
18 -6

72 -8
9 -5

72 -8
35 -7

72 -8
141 -9

71 -8
36 -7

71 -8
141 -9

71 -8
142 -9

71 -8
18 -6

71 -8
9 -5

71 -8
35 -7

70 -8
35 -7

70 -8
18 -6

70 -8
69 -8

70 -8
9 -5

70 -8
36 -7

70 -8
137 -9

69 -8
35 -7

69 -8
137 -9

69 -8
18 -6

69 -8
9 -5

69 -8
36 -7

69 -8
5 -4

68 -8
34 -7

68 -8
136 -9

68 -8
17 -6

68 -8
9 -5

68 -8
33 -7

68 -8
133 -9

67 -8
34 -7

67 -8
133 -9

67 -8
17 -6

67 -8
68 -8

67 -8
9 -5

67 -8
33 -7

66 -8
33 -7

66 -8
17 -6

66 -8
9 -5

66 -8
34 -7

66 -8
5 -4

66 -8
18 -6

65 -8
33 -7

65 -8
17 -6

65 -8
66 -8

65 -8
9 -5

65 -8
34 -7

65 -8
5 -4

64 -8
32 -7

64 -8
16 -6

64 -8
8 -5

64 -8
31 -7

64 -8
4 -4

64 -8
15 -6

63 -8
32 -7

63 -8
16 -6

63 -8
8 -5

63 -8
31 -7

63 -8
4 -4

63 -8
15 -6

62 -8
31 -7

62 -8
16 -6

62 -8
61 -8

62 -8
8 -5

62 -8
32 -7

62 -8
122 -9

61 -8
31 -7

61 -8
122 -9

61 -8
16 -6

61 -8
8 -5

61 -8
32 -7

61 -8
4 -4

60 -8
30 -7

60 -8
15 -6

60 -8
8 -5

60 -8
29 -7

60 -8
4 -4

60 -8
16 -6

59 -8
30 -7

59 -8
15 -6

59 -8
8 -5

59 -8
29 -7

59 -8
4 -4

59 -8
16 -6

58 -8
29 -7

58 -8
15 -6

58 -8
57 -8

58 -8
8 -5

58 -8
30 -7

58 -8
113 -9

57 -8
29 -7

57 -8
113 -9

57 -8
15 -6

57 -8
8 -5

57 -8
30 -7

57 -8
4 -4

56 -8
28 -7

56 -8
14 -6

56 -8
7 -5

56 -8
27 -7

56 -8
4 -4

56 -8
53 -8

55 -8
28 -7

55 -8
14 -6

55 -8
56 -8

55 -8
7 -5

55 -8
27 -7

55 -8
4 -4

54 -8
27 -7

54 -8
14 -6

54 -8
53 -8

54 -8
7 -5

54 -8
28 -7

54 -8
4 -4

53 -8
27 -7

53 -8
14 -6

53 -8
7 -5

53 -8
28 -7

53 -8
4 -4

53 -8
56 -8

52 -8
26 -7

52 -8
7 -5

52 -8
102 -9

52 -8
4 -4

52 -8
14 -6

52 -8
50 -8

51 -8
26 -7

51 -8
102 -9

51 -8
7 -5

51 -8
4 -4

51 -8
14 -6

51 -8
50 -8

50 -8
7 -5

50 -8
26 -7

50 -8
98 -9

50 -8
4 -4

50 -8
14 -6

50 -8
2 -3

49 -8
98 -9

49 -8
50 -8

49 -8
7 -5

49 -8
26 -7

49 -8
4 -4

49 -8
14 -6

48 -8
24 -7

48 -8
12 -6

48 -8
6 -5

48 -8
23 -7

48 -8
93 -9

48 -8
3 -4

47 -8
24 -7

47 -8
93 -9

47 -8
12 -6

47 -8
48 -8

47 -8
6 -5

47 -8
23 -7

46 -8
23 -7

46 -8
12 -6

46 -8
6 -5

46 -8
24 -7

46 -8
89 -9

46 -8
3 -4

45 -8
23 -7

45 -8
89 -9

45 -8
12 -6

45 -8
6 -5

45 -8
24 -7

45 -8
3 -4

44 -8
11 -6

44 -8
6 -5

44 -8
21 -7

44 -8
3 -4

44 -8
12 -6

44 -8
41 -8

43 -8
85 -9

43 -8
11 -6

43 -8
6 -5

43 -8
21 -7

43 -8
3 -4

43 -8
12 -6

42 -8
21 -7

42 -8
11 -6

42 -8
41 -8

42 -8
6 -5

42 -8
81 -9

42 -8
82 -9

41 -8
21 -7

41 -8
81 -9

41 -8
82 -9

41 -8
11 -6

41 -8
6 -5

41 -8
3 -4

40 -8
20 -7

40 -8
79 -9

40 -8
10 -6

40 -8
39 -8

40 -8
5 -5

40 -8
3 -4

39 -8
20 -7

39 -8
10 -6

39 -8
5 -5

39 -8
79 -9

39 -8
3 -4

39 -8
37 -8

38 -8
10 -6

38 -8
37 -8

38 -8
5 -5

38 -8
20 -7

38 -8
73 -9

38 -8
3 -4

37 -8
73 -9

37 -8
10 -6

37 -8
5 -5

37 -8
20 -7

37 -8
3 -4

37 -8
39 -8

36 -8
5 -5

36 -8
17 -7

36 -8
3 -4

36 -8
10 -6

36 -8
33 -8

36 -8
34 -8

35 -8
36 -8

35 -8
5 -5

35 -8
17 -7

35 -8
3 -4

35 -8
10 -6

35 -8
33 -8

34 -8
17 -7

34 -8
33 -8

34 -8
5 -5

34 -8
3 -4

34 -8
10 -6

34 -8
36 -8

33 -8
17 -7

33 -8
34 -8

33 -8
5 -5

33 -8
3 -4

33 -8
10 -6

33 -8
36 -8

32 -8
4 -5

32 -8
2 -4

32 -8
7 -6

32 -8
1 -3

32 -8
3 -5

32 -8
13 -7

31 -8
4 -5

31 -8
2 -4

31 -8
7 -6

31 -8
1 -3

31 -8
3 -5

31 -8
13 -7

30 -8
15 -7

30 -8
60 -9

30 -8
29 -8

30 -8
4 -5

30 -8
2 -4

30 -8
7 -6

29 -8
15 -7

29 -8
4 -5

29 -8
60 -9

29 -8
2 -4

29 -8
7 -6

29 -8
1 -3

28 -8
14 -7

28 -8
7 -6

28 -8
27 -8

28 -8
4 -5

28 -8
13 -7

28 -8
53 -9

27 -8
14 -7

27 -8
53 -9

27 -8
54 -9

27 -8
7 -6

27 -8
4 -5

27 -8
13 -7

26 -8
13 -7

26 -8
7 -6

26 -8
4 -5

26 -8
14 -7

26 -8
50 -9

26 -8
2 -4

25 -8
13 -7

25 -8
50 -9

25 -8
7 -6

25 -8
26 -8

25 -8
4 -5

25 -8
14 -7

24 -8
6 -6

24 -8
3 -5

24 -8
11 -7

24 -8
2 -4

24 -8
5 -6

24 -8
1 -3

23 -8
6 -6

23 -8
24 -8

23 -8
3 -5

23 -8
11 -7

23 -8
2 -4

23 -8
5 -6

22 -8
11 -7

22 -8
6 -6

22 -8
3 -5

22 -8
2 -4

22 -8
5 -6

22 -8
24 -8

21 -8
11 -7

21 -8
6 -6

21 -8
3 -5

21 -8
2 -4

21 -8
5 -6

21 -8
24 -8

20 -8
10 -7

20 -8
39 -9

20 -8
5 -6

20 -8
3 -5

20 -8
9 -7

20 -8
37 -9

19 -8
10 -7

19 -8
37 -9

19 -8
5 -6

19 -8
3 -5

19 -8
9 -7

19 -8
39 -9

18 -8
9 -7

18 -8
5 -6

18 -8
17 -8

18 -8
3 -5

18 -8
10 -7

18 -8
34 -9

17 -8
9 -7

17 -8
34 -9

17 -8
5 -6

17 -8
3 -5

17 -8
10 -7

17 -8
2 -4

16 -8
8 -7

16 -8
4 -6

16 -8
2 -5

16 -8
7 -7

16 -8
29 -9

16 -8
1 -4

15 -8
8 -7

15 -8
29 -9

15 -8
4 -6

15 -8
16 -8

15 -8
2 -5

15 -8
7 -7

14 -8
7 -7

14 -8
4 -6

14 -8
13 -8

14 -8
2 -5

14 -8
8 -7

14 -8
26 -9

13 -8
7 -7

13 -8
26 -9

13 -8
4 -6

13 -8
14 -8

13 -8
2 -5

13 -8
8 -7

12 -8
6 -7

12 -8
3 -6

12 -8
11 -8

12 -8
2 -5

12 -8
5 -7

12 -8
21 -9

11 -8
6 -7

11 -8
21 -9

11 -8
22 -9

11 -8
3 -6

11 -8
2 -5

11 -8
5 -7

10 -8
5 -7

10 -8
3 -6

10 -8
2 -5

10 -8
6 -7

10 -8
18 -9

10 -8
1 -4

9 -8
5 -7

9 -8
18 -9

9 -8
3 -6

9 -8
10 -8

9 -8
2 -5

9 -8
6 -7

8 -8
1 -5

8 -8
3 -7

8 -8
14 -9

8 -8
1 -4

8 -8
1 -6

8 -8
6 -8

7 -8
1 -5

7 -8
3 -7

7 -8
1 -4

7 -8
1 -6

7 -8
6 -8

7 -8
1 -3

6 -8
3 -7

6 -8
11 -9

6 -8
12 -9

6 -8
1 -5

6 -8
9 -9

6 -8
10 -9

5 -8
1 -5

5 -8
1 -4

5 -8
1 -6

5 -8
1 -3

5 -8
2 -5

5 -8
1 -7

4 -8
2 -7

4 -8
1 -6

4 -8
1 -5

4 -8
1 -7

4 -8
5 -9

4 -8
6 -9

3 -8
2 -7

3 -8
5 -9

3 -8
6 -9

3 -8
1 -6

3 -8
1 -5

3 -8
1 -7

2 -8
1 -7

2 -8
3 -9

2 -8
1 -6

2 -8
1 -8

2 -8
1 -5

2 -8
2 -7

1 -8
1 -7

1 -8
2 -9

1 -8
1 -6

1 -8
1 -5

1 -8
2 -7

1 -8
3 -9

-1 -8
-1 -7

-1 -8
-1 -6

-1 -8
-2 -8

-1 -8
-2 -7

-1 -8
-1 -4

-1 -8
-2 -6

-2 -8
-1 -7

-2 -8
-1 -6

-2 -8
-1 -8

-2 -8
-2 -7

-2 -8
-1 -4

-2 -8
-2 -6

-3 -8
-2 -7

-3 -8
-1 -6

-3 -8
-4 -8

-3 -8
-1 -7

-3 -8
-1 -4

-3 -8
-2 -6

-4 -8
-2 -7

-4 -8
-1 -6

-4 -8
-1 -7

-4 -8
-1 -4

-4 -8
-2 -6

-4 -8
-2 -8

-5 -8
-1 -4

-5 -8
-1 -3

-5 -8
-2 -5

-5 -8
-1 -2

-5 -8
-2 -4

-5 -8
-4 -6

-6 -8
-11 -9

-6 -8
-2 -6

-6 -8
-4 -7

-6 -8
-1 -4

-6 -8
-1 -6

-6 -8
-8 -8

-7 -8
-4 -7

-7 -8
-2 -6

-7 -8
-8 -8

-7 -8
-15 -9

-7 -8
-1 -4

-7 -8
-1 -6

-8 -8
-4 -7

-8 -8
-15 -9

-8 -8
-2 -6

-8 -8
-1 -4

-8 -8
-1 -6

-8 -8
-1 -3

-9 -8
-5 -7

-9 -8
-17 -9

-9 -8
-3 -6

-9 -8
-10 -8

-9 -8
-2 -5

-9 -8
-6 -7

-10 -8
-5 -7

-10 -8
-3 -6

-10 -8
-2 -5

-10 -8
-6 -7

-10 -8
-17 -9

-10 -8
-1 -4

-11 -8
-6 -7

-11 -8
-22 -9

-11 -8
-21 -9

-11 -8
-3 -6

-11 -8
-2 -5

-11 -8
-5 -7

-12 -8
-6 -7

-12 -8
-24 -9

-12 -8
-23 -9

-12 -8
-3 -6

-12 -8
-2 -5

-12 -8
-5 -7

-13 -8
-7 -7

-13 -8
-4 -6

-13 -8
-2 -5

-13 -8
-8 -7

-13 -8
-1 -4

-13 -8
-3 -6

-14 -8
-7 -7

-14 -8
-4 -6

-14 -8
-13 -8

-14 -8
-2 -5

-14 -8
-8 -7

-14 -8
-1 -4

-15 -8
-8 -7

-15 -8
-29 -9

-15 -8
-4 -6

-15 -8
-16 -8

-15 -8
-2 -5

-15 -8
-7 -7

-16 -8
-8 -7

-16 -8
-4 -6

-16 -8
-15 -8

-16 -8
-2 -5

-16 -8
-7 -7

-16 -8
-29 -9

-17 -8
-5 -6

-17 -8
-3 -5

-17 -8
-10 -7

-17 -8
-2 -4

-17 -8
-6 -6

-17 -8
-1 -3

-18 -8
-5 -6

-18 -8
-3 -5

-18 -8
-10 -7

-18 -8
-2 -4

-18 -8
-6 -6

-18 -8
-1 -3

-19 -8
-10 -7

-19 -8
-5 -6

-19 -8
-3 -5

-19 -8
-40 -9

-19 -8
-2 -4

-19 -8
-6 -6

-20 -8
-10 -7

-20 -8
-40 -9

-20 -8
-5 -6

-20 -8
-3 -5

-20 -8
-2 -4

-20 -8
-6 -6

-21 -8
-11 -7

-21 -8
-41 -9

-21 -8
-6 -6

-21 -8
-3 -5

-21 -8
-12 -7

-21 -8
-2 -4

-22 -8
-11 -7

-22 -8
-6 -6

-22 -8
-21 -8

-22 -8
-3 -5

-22 -8
-12 -7

-22 -8
-41 -9

-23 -8
-12 -7

-23 -8
-6 -6

-23 -8
-3 -5

-23 -8
-11 -7

-23 -8
-2 -4

-23 -8
-5 -6

-24 -8
-12 -7

-24 -8
-6 -6

-24 -8
-23 -8

-24 -8
-3 -5

-24 -8
-11 -7

-24 -8
-2 -4

-25 -8
-13 -7

-25 -8
-49 -9

-25 -8
-7 -6

-25 -8
-4 -5

-25 -8
-14 -7

-25 -8
-51 -9

-26 -8
-13 -7

-26 -8
-51 -9

-26 -8
-7 -6

-26 -8
-25 -8

-26 -8
-4 -5

-26 -8
-14 -7

-27 -8
-14 -7

-27 -8
-7 -6

-27 -8
-4 -5

-27 -8
-13 -7

-27 -8
-2 -4

-27 -8
-8 -6

-28 -8
-14 -7

-28 -8
-7 -6

-28 -8
-27 -8

-28 -8
-4 -5

-28 -8
-13 -7

-28 -8
-2 -4

-29 -8
-15 -7

-29 -8
-8 -6

-29 -8
-30 -8

-29 -8
-4 -5

-29 -8
-16 -7

-29 -8
-59 -9

-30 -8
-15 -7

-30 -8
-59 -9

-30 -8
-8 -6

-30 -8
-29 -8

-30 -8
-4 -5

-30 -8
-16 -7

-31 -8
-16 -7

-31 -8
-8 -6

-31 -8
-4 -5

-31 -8
-15 -7

-31 -8
-2 -4

-31 -8
-7 -6

-32 -8
-16 -7

-32 -8
-8 -6

-32 -8
-4 -5

-32 -8
-15 -7

-32 -8
-2 -4

-32 -8
-7 -6

-33 -8
-17 -7

-33 -8
-65 -9

-33 -8
-9 -6

-33 -8
-34 -8

-33 -8
-5 -5

-33 -8
-18 -7

-34 -8
-17 -7

-34 -8
-9 -6

-34 -8
-33 -8

-34 -8
-5 -5

-34 -8
-18 -7

-34 -8
-65 -9

-35 -8
-18 -7

-35 -8
-9 -6

-35 -8
-36 -8

-35 -8
-5 -5

-35 -8
-17 -7

-35 -8
-3 -4

-36 -8
-18 -7

-36 -8
-9 -6

-36 -8
-35 -8

-36 -8
-5 -5

-36 -8
-17 -7

-36 -8
-3 -4

-37 -8
-10 -6

-37 -8
-5 -5

-37 -8
-3 -4

-37 -8
-9 -6

-37 -8
-39 -8

-37 -8
-2 -3

-38 -8
-10 -6

-38 -8
-5 -5

-38 -8
-3 -4

-38 -8
-9 -6

-38 -8
-39 -8

-38 -8
-2 -3

-39 -8
-10 -6

-39 -8
-5 -5

-39 -8
-3 -4

-39 -8
-9 -6

-39 -8
-2 -3

-39 -8
-6 -5

-40 -8
-10 -6

-40 -8
-39 -8

-40 -8
-5 -5

-40 -8
-3 -4

-40 -8
-9 -6

-40 -8
-2 -3

-41 -8
-21 -7

-41 -8
-82 -9

-41 -8
-6 -5

-41 -8
-83 -9

-41 -8
-3 -4

-41 -8
-43 -8

-42 -8
-21 -7

-42 -8
-83 -9

-42 -8
-41 -8

-42 -8
-6 -5

-42 -8
-82 -9

-42 -8
-3 -4

-43 -8
-6 -5

-43 -8
-21 -7

-43 -8
-87 -9

-43 -8
-3 -4

-43 -8
-41 -8

-43 -8
-2 -3

-44 -8
-87 -9

-44 -8
-43 -8

-44 -8
-6 -5

-44 -8
-21 -7

-44 -8
-3 -4

-44 -8
-41 -8

-45 -8
-23 -7

-45 -8
-89 -9

-45 -8
-6 -5

-45 -8
-24 -7

-45 -8
-3 -4

-45 -8
-2 -3

-46 -8
-23 -7

-46 -8
-45 -8

-46 -8
-6 -5

-46 -8
-24 -7

-46 -8
-89 -9

-46 -8
-3 -4

-47 -8
-24 -7

-47 -8
-94 -9

-47 -8
-93 -9

-47 -8
-6 -5

-47 -8
-23 -7

-47 -8
-95 -9

-48 -8
-24 -7

-48 -8
-95 -9

-48 -8
-6 -5

-48 -8
-23 -7

-48 -8
-94 -9

-48 -8
-93 -9

-49 -8
-7 -5

-49 -8
-4 -4

-49 -8
-14 -6

-49 -8
-2 -3

-49 -8
-8 -5

-49 -8
-28 -7

-50 -8
-100 -9

-50 -8
-7 -5

-50 -8
-26 -7

-50 -8
-97 -9

-50 -8
-4 -4

-50 -8
-14 -6

-51 -8
-7 -5

-51 -8
-4 -4

-51 -8
-14 -6

-51 -8
-2 -3

-51 -8
-8 -5

-51 -8
-28 -7

-52 -8
-7 -5

-52 -8
-4 -4

-52 -8
-14 -6

-52 -8
-2 -3

-52 -8
-8 -5

-52 -8
-28 -7

-53 -8
-27 -7

-53 -8
-14 -6

-53 -8
-7 -5

-53 -8
-28 -7

-53 -8
-4 -4

-53 -8
-56 -8

-54 -8
-27 -7

-54 -8
-14 -6

-54 -8
-7 -5

-54 -8
-28 -7

-54 -8
-4 -4

-54 -8
-56 -8

-55 -8
-28 -7

-55 -8
-14 -6

-55 -8
-56 -8

-55 -8
-7 -5

-55 -8
-27 -7

-55 -8
-4 -4

-56 -8
-28 -7

-56 -8
-14 -6

-56 -8
-55 -8

-56 -8
-7 -5

-56 -8
-27 -7

-56 -8
-4 -4

-57 -8
-15 -6

-57 -8
-58 -8

-57 -8
-8 -5

-57 -8
-30 -7

-57 -8
-115 -9

-57 -8
-4 -4

-58 -8
-115 -9

-58 -8
-15 -6

-58 -8
-57 -8

-58 -8
-8 -5

-58 -8
-30 -7

-58 -8
-4 -4

-59 -8
-30 -7

-59 -8
-117 -9

-59 -8
-15 -6

-59 -8
-60 -8

-59 -8
-8 -5

-59 -8
-119 -9

-60 -8
-30 -7

-60 -8
-119 -9

-60 -8
-15 -6

-60 -8
-8 -5

-60 -8
-117 -9

-60 -8
-4 -4

-61 -8
-122 -9

-61 -8
-16 -6

-61 -8
-62 -8

-61 -8
-8 -5

-61 -8
-32 -7

-61 -8
-4 -4

-62 -8
-16 -6

-62 -8
-8 -5

-62 -8
-32 -7

-62 -8
-122 -9

-62 -8
-4 -4

-62 -8
-15 -6

-63 -8
-32 -7

-63 -8
-16 -6

-63 -8
-8 -5

-63 -8
-128 -9

-63 -8
-127 -9

-63 -8
-4 -4

-64 -8
-32 -7

-64 -8
-128 -9

-64 -8
-127 -9

-64 -8
-16 -6

-64 -8
-8 -5

-64 -8
-4 -4

-65 -8
-33 -7

-65 -8
-17 -6

-65 -8
-9 -5

-65 -8
-34 -7

-65 -8
-132 -9

-65 -8
-5 -4

-66 -8
-33 -7

-66 -8
-132 -9

-66 -8
-17 -6

-66 -8
-9 -5

-66 -8
-34 -7

-66 -8
-5 -4

-67 -8
-34 -7

-67 -8
-17 -6

-67 -8
-9 -5

-67 -8
-33 -7

-67 -8
-5 -4

-67 -8
-18 -6

-68 -8
-34 -7

-68 -8
-17 -6

-68 -8
-67 -8

-68 -8
-9 -5

-68 -8
-33 -7

-68 -8
-5 -4

-69 -8
-35 -7

-69 -8
-138 -9

-69 -8
-18 -6

-69 -8
-9 -5

-69 -8
-36 -7

-69 -8
-5 -4

-70 -8
-35 -7

-70 -8
-18 -6

-70 -8
-9 -5

-70 -8
-36 -7

-70 -8
-138 -9

-70 -8
-5 -4

-71 -8
-36 -7

-71 -8
-142 -9

-71 -8
-18 -6

-71 -8
-72 -8

-71 -8
-9 -5

-71 -8
-35 -7

-72 -8
-36 -7

-72 -8
-144 -9

-72 -8
-143 -9

-72 -8
-18 -6

-72 -8
-71 -8

-72 -8
-9 -5

-73 -8
-37 -7

-73 -8
-19 -6

-73 -8
-74 -8

-73 -8
-10 -5

-73 -8
-5 -4

-73 -8
-20 -6

-74 -8
-37 -7

-74 -8
-19 -6

-74 -8
-73 -8

-74 -8
-10 -5

-74 -8
-5 -4

-74 -8
-20 -6

-75 -8
-150 -9

-75 -8
-19 -6

-75 -8
-76 -8

-75 -8
-10 -5

-75 -8
-37 -7

-75 -8
-152 -9

-76 -8
-152 -9

-76 -8
-19 -6

-76 -8
-10 -5

-76 -8
-37 -7

-76 -8
-150 -9

-76 -8
-5 -4

-77 -8
-153 -9

-77 -8
-20 -6

-77 -8
-78 -8

-77 -8
-10 -5

-77 -8
-40 -7

-77 -8
-156 -9

-78 -8
-156 -9

-78 -8
-20 -6

-78 -8
-77 -8

-78 -8
-10 -5

-78 -8
-40 -7

-78 -8
-153 -9

-79 -8
-40 -7

-79 -8
-20 -6

-79 -8
-10 -5

-79 -8
-5 -4

-79 -8
-19 -6

-79 -8
-78 -8

-80 -8
-40 -7

-80 -8
-20 -6

-80 -8
-10 -5

-80 -8
-5 -4

-80 -8
-19 -6

-80 -8
-78 -8

-81 -8
-21 -6

-81 -8
-11 -5

-81 -8
-42 -7

-81 -8
-6 -4

-81 -8
-22 -6

-81 -8
-83 -8

-82 -8
-21 -6

-82 -8
-11 -5

-82 -8
-42 -7

-82 -8
-6 -4

-82 -8
-22 -6

-82 -8
-83 -8

-83 -8
-42 -7

-83 -8
-21 -6

-83 -8
-11 -5

-83 -8
-6 -4

-83 -8
-22 -6

-83 -8
-3 -3

-84 -8
-42 -7

-84 -8
-21 -6

-84 -8
-83 -8

-84 -8
-11 -5

-84 -8
-6 -4

-84 -8
-22 -6

-85 -8
-43 -7

-85 -8
-22 -6

-85 -8
-86 -8

-85 -8
-11 -5

-85 -8
-6 -4

-85 -8
-21 -6

-86 -8
-43 -7

-86 -8
-22 -6

-86 -8
-11 -5

-86 -8
-6 -4

-86 -8
-21 -6

-86 -8
-87 -8

-87 -8
-22 -6

-87 -8
-11 -5

-87 -8
-43 -7

-87 -8
-175 -9

-87 -8
-6 -4

-87 -8
-21 -6

-88 -8
-175 -9

-88 -8
-22 -6

-88 -8
-87 -8

-88 -8
-11 -5

-88 -8
-43 -7

-88 -8
-6 -4

-89 -8
-45 -7

-89 -8
-23 -6

-89 -8
-12 -5

-89 -8
-46 -7

-89 -8
-179 -9

-89 -8
-6 -4

-90 -8
-45 -7

-90 -8
-179 -9

-90 -8
-23 -6

-90 -8
-12 -5

-90 -8
-46 -7

-90 -8
-6 -4

-91 -8
-46 -7

-91 -8
-23 -6

-91 -8
-92 -8

-91 -8
-12 -5

-91 -8
-45 -7

-91 -8
-183 -9

-92 -8
-46 -7

-92 -8
-183 -9

-92 -8
-23 -6

-92 -8
-12 -5

-92 -8
-45 -7

-92 -8
-6 -4

-93 -8
-47 -7

-93 -8
-24 -6

-93 -8
-12 -5

-93 -8
-48 -7

-93 -8
-188 -9

-93 -8
-6 -4

-94 -8
-47 -7

-94 -8
-188 -9

-94 -8
-24 -6

-94 -8
-93 -8

-94 -8
-12 -5

-94 -8
-48 -7

-95 -8
-48 -7

-95 -8
-24 -6

-95 -8
-96 -8

-95 -8
-12 -5

-95 -8
-47 -7

-95 -8
-6 -4

-96 -8
-48 -7

-96 -8
-24 -6

-96 -8
-95 -8

-96 -8
-12 -5

-96 -8
-47 -7

-96 -8
-6 -4

-97 -8
-49 -7

-97 -8
-25 -6

-97 -8
-13 -5

-97 -8
-50 -7

-97 -8
-7 -4

-97 -8
-26 -6

-98 -8
-49 -7

-98 -8
-25 -6

-98 -8
-13 -5

-98 -8
-50 -7

-98 -8
-7 -4

-98 -8
-26 -6

-99 -8
-50 -7

-99 -8
-198 -9

-99 -8
-25 -6

-99 -8
-100 -8

-99 -8
-13 -5

-99 -8
-49 -7

-100 -8
-50 -7

-100 -8
-200 -9

-100 -8
-25 -6

-100 -8
-13 -5

-100 -8
-49 -7

-100 -8
-198 -9

-101 -8
-51 -7

-101 -8
-26 -6

-101 -8
-102 -8

-101 -8
-13 -5

-101 -8
-52 -7

-101 -8
-7 -4

-102 -8
-51 -7

-102 -8
-26 -6

-102 -8
-13 -5

-102 -8
-52 -7

-102 -8
-7 -4

-102 -8
-25 -6

-103 -8
-52 -7

-103 -8
-26 -6

-103 -8
-13 -5

-103 -8
-51 -7

-103 -8
-7 -4

-103 -8
-25 -6

-104 -8
-52 -7

-104 -8
-26 -6

-104 -8
-13 -5

-104 -8
-51 -7

-104 -8
-7 -4

-104 -8
-25 -6

-105 -8
-53 -7

-105 -8
-210 -9

-105 -8
-27 -6

-105 -8
-14 -5

-105 -8
-54 -7

-105 -8
-7 -4

-106 -8
-53 -7

-106 -8
-27 -6

-106 -8
-14 -5

-106 -8
-54 -7

-106 -8
-210 -9

-106 -8
-7 -4

-107 -8
-54 -7

-107 -8
-27 -6

-107 -8
-14 -5

-107 -8
-53 -7

-107 -8
-7 -4

-107 -8
-28 -6

-108 -8
-54 -7

-108 -8
-27 -6

-108 -8
-107 -8

-108 -8
-14 -5

-108 -8
-53 -7

-108 -8
-7 -4

-109 -8
-55 -7

-109 -8
-217 -9

-109 -8
-28 -6

-109 -8
-14 -5

-109 -8
-56 -7

-109 -8
-7 -4

-110 -8
-55 -7

-110 -8
-28 -6

-110 -8
-14 -5

-110 -8
-56 -7

-110 -8
-217 -9

-110 -8
-7 -4

-111 -8
-56 -7

-111 -8
-28 -6

-111 -8
-14 -5

-111 -8
-55 -7

-111 -8
-223 -9

-111 -8
-7 -4

-112 -8
-56 -7

-112 -8
-223 -9

-112 -8
-28 -6

-112 -8
-14 -5

-112 -8
-55 -7

-112 -8
-7 -4

-113 -8
-57 -7

-113 -8
-226 -9

-113 -8
-114 -8

-113 -8
-15 -5

-113 -8
-58 -7

-113 -8
-8 -4

-114 -8
-57 -7

-114 -8
-15 -5

-114 -8
-58 -7

-114 -8
-226 -9

-114 -8
-8 -4

-114 -8
-30 -6

-115 -8
-58 -7

-115 -8
-15 -5

-115 -8
-57 -7

-115 -8
-231 -9

-115 -8
-8 -4

-115 -8
-30 -6

-116 -8
-58 -7

-116 -8
-231 -9

-116 -8
-115 -8

-116 -8
-15 -5

-116 -8
-57 -7

-116 -8
-8 -4

-117 -8
-233 -9

-117 -8
-30 -6

-117 -8
-15 -5

-117 -8
-60 -7

-117 -8
-235 -9

-117 -8
-8 -4

-118 -8
-30 -6

-118 -8
-117 -8

-118 -8
-15 -5

-118 -8
-60 -7

-118 -8
-8 -4

-118 -8
-4 -3

-119 -8
-60 -7

-119 -8
-30 -6

-119 -8
-15 -5

-119 -8
-239 -9

-119 -8
-8 -4

-119 -8
-117 -8

-120 -8
-60 -7

-120 -8
-239 -9

-120 -8
-30 -6

-120 -8
-15 -5

-120 -8
-8 -4

-120 -8
-117 -8

-121 -8
-61 -7

-121 -8
-31 -6

-121 -8
-16 -5

-121 -8
-62 -7

-121 -8
-8 -4

-121 -8
-32 -6

-122 -8
-61 -7

-122 -8
-31 -6

-122 -8
-16 -5

-122 -8
-62 -7

-122 -8
-8 -4

-122 -8
-32 -6

-123 -8
-62 -7

-123 -8
-246 -9

-123 -8
-31 -6

-123 -8
-124 -8

-123 -8
-16 -5

-123 -8
-61 -7

-124 -8
-62 -7

-124 -8
-31 -6

-124 -8
-123 -8

-124 -8
-16 -5

-124 -8
-61 -7

-124 -8
-246 -9

-125 -8
-32 -6

-125 -8
-16 -5

-125 -8
-64 -7

-125 -8
-8 -4

-125 -8
-31 -6

-125 -8
-128 -8

-126 -8
-32 -6

-126 -8
-125 -8

-126 -8
-16 -5

-126 -8
-64 -7

-126 -8
-8 -4

-126 -8
-31 -6

-127 -8
-64 -7

-127 -8
-32 -6

-127 -8
-128 -8

-127 -8
-16 -5

-127 -8
-8 -4

-127 -8
-31 -6

-128 -8
-64 -7

-128 -8
-32 -6

-128 -8
-16 -5

-128 -8
-8 -4

-128 -8
-31 -6

-128 -8
-125 -8

64 -7
32 -6

64 -7
16 -5

64 -7
8 -4

64 -7
4 -3

64 -7
62 -7

64 -7
2 -2

63 -7
32 -6

63 -7
16 -5

63 -7
64 -7

63 -7
8 -4

63 -7
4 -3

63 -7
62 -7

62 -7
123 -8

62 -7
124 -8

62 -7
16 -5

62 -7
8 -4

62 -7
32 -6

62 -7
4 -3

61 -7
16 -5

61 -7
62 -7

61 -7
8 -4

61 -7
32 -6

61 -7
123 -8

61 -7
124 -8

60 -7
59 -7

60 -7
8 -4

60 -7
29 -6

60 -7
4 -3

60 -7
16 -5

60 -7
57 -7

59 -7
60 -7

59 -7
8 -4

59 -7
29 -6

59 -7
4 -3

59 -7
16 -5

59 -7
57 -7

58 -7
29 -6

58 -7
57 -7

58 -7
229 -9

58 -7
231 -9

58 -7
8 -4

58 -7
113 -8

57 -7
29 -6

57 -7
113 -8

57 -7
58 -7

57 -7
226 -9

57 -7
8 -4

57 -7
4 -3

56 -7
28 -6

56 -7
111 -8

56 -7
14 -5

56 -7
55 -7

56 -7
223 -9

56 -7
224 -9

55 -7
28 -6

55 -7
110 -8

55 -7
14 -5

55 -7
217 -9

55 -7
218 -9

55 -7
7 -4

54 -7
27 -6

54 -7
108 -8

54 -7
14 -5

54 -7
53 -7

54 -7
216 -9

54 -7
7 -4

53 -7
27 -6

53 -7
106 -8

53 -7
14 -5

53 -7
54 -7

53 -7
7 -4

53 -7
28 -6

52 -7
26 -6

52 -7
103 -8

52 -7
104 -8

52 -7
13 -5

52 -7
207 -9

52 -7
7 -4

51 -7
26 -6

51 -7
13 -5

51 -7
52 -7

51 -7
7 -4

51 -7
25 -6

51 -7
103 -8

50 -7
25 -6

50 -7
100 -8

50 -7
13 -5

50 -7
49 -7

50 -7
7 -4

50 -7
26 -6

49 -7
25 -6

49 -7
97 -8

49 -7
98 -8

49 -7
13 -5

49 -7
50 -7

49 -7
193 -9

48 -7
24 -6

48 -7
95 -8

48 -7
12 -5

48 -7
6 -4

48 -7
23 -6

48 -7
93 -8

47 -7
24 -6

47 -7
93 -8

47 -7
12 -5

47 -7
6 -4

47 -7
23 -6

47 -7
95 -8

46 -7
23 -6

46 -7
91 -8

46 -7
92 -8

46 -7
12 -5

46 -7
45 -7

46 -7
6 -4

45 -7
23 -6

45 -7
12 -5

45 -7
46 -7

45 -7
177 -9

45 -7
179 -9

45 -7
6 -4

44 -7
11 -5

44 -7
43 -7

44 -7
6 -4

44 -7
21 -6

44 -7
85 -8

44 -7
3 -3

43 -7
85 -8

43 -7
11 -5

43 -7
6 -4

43 -7
21 -6

43 -7
3 -3

43 -7
12 -5

42 -7
21 -6

42 -7
83 -8

42 -7
84 -8

42 -7
11 -5

42 -7
166 -9

42 -7
167 -9

41 -7
21 -6

41 -7
82 -8

41 -7
11 -5

41 -7
42 -7

41 -7
6 -4

41 -7
83 -8

40 -7
20 -6

40 -7
79 -8

40 -7
10 -5

40 -7
39 -7

40 -7
157 -9

40 -7
159 -9

39 -7
20 -6

39 -7
77 -8

39 -7
10 -5

39 -7
40 -7

39 -7
153 -9

39 -7
156 -9

38 -7
19 -6

38 -7
76 -8

38 -7
10 -5

38 -7
37 -7

38 -7
152 -9

38 -7
5 -4

37 -7
19 -6

37 -7
73 -8

37 -7
10 -5

37 -7
5 -4

37 -7
20 -6

37 -7
76 -8

36 -7
18 -6

36 -7
9 -5

36 -7
35 -7

36 -7
141 -9

36 -7
142 -9

36 -7
143 -9

35 -7
18 -6

35 -7
69 -8

35 -7
9 -5

35 -7
36 -7

35 -7
137 -9

35 -7
5 -4

34 -7
17 -6

34 -7
68 -8

34 -7
9 -5

34 -7
33 -7

34 -7
133 -9

34 -7
136 -9

33 -7
17 -6

33 -7
66 -8

33 -7
9 -5

33 -7
34 -7

33 -7
5 -4

33 -7
18 -6

32 -7
16 -6

32 -7
8 -5

32 -7
31 -7

32 -7
4 -4

32 -7
15 -6

32 -7
61 -8

31 -7
16 -6

31 -7
61 -8

31 -7
8 -5

31 -7
32 -7

31 -7
122 -9

31 -7
4 -4

30 -7
15 -6

30 -7
8 -5

30 -7
29 -7

30 -7
4 -4

30 -7
16 -6

30 -7
57 -8

29 -7
15 -6

29 -7
57 -8

29 -7
8 -5

29 -7
30 -7

29 -7
113 -9

29 -7
4 -4

28 -7
14 -6

28 -7
56 -8

28 -7
7 -5

28 -7
27 -7

28 -7
4 -4

28 -7
53 -8

27 -7
14 -6

27 -7
53 -8

27 -7
7 -5

27 -7
28 -7

27 -7
4 -4

27 -7
56 -8

26 -7
7 -5

26 -7
102 -9

26 -7
4 -4

26 -7
14 -6

26 -7
50 -8

26 -7
2 -3

25 -7
50 -8

25 -7
7 -5

25 -7
26 -7

25 -7
98 -9

25 -7
4 -4

25 -7
14 -6

24 -7
12 -6

24 -7
48 -8

24 -7
6 -5

24 -7
23 -7

24 -7
93 -9

24 -7
3 -4

23 -7
12 -6

23 -7
6 -5

23 -7
24 -7

23 -7
89 -9

23 -7
3 -4

23 -7
11 -6

22 -7
11 -6

22 -7
6 -5

22 -7
21 -7

22 -7
3 -4

22 -7
12 -6

22 -7
41 -8

21 -7
11 -6

21 -7
41 -8

21 -7
6 -5

21 -7
81 -9

21 -7
82 -9

21 -7
3 -4

20 -7
10 -6

20 -7
39 -8

20 -7
5 -5

20 -7
79 -9

20 -7
3 -4

20 -7
37 -8

19 -7
10 -6

19 -7
37 -8

19 -7
5 -5

19 -7
20 -7

19 -7
73 -9

19 -7
3 -4

18 -7
36 -8

18 -7
5 -5

18 -7
17 -7

18 -7
3 -4

18 -7
10 -6

18 -7
33 -8

17 -7
33 -8

17 -7
34 -8

17 -7
5 -5

17 -7
3 -4

17 -7
10 -6

17 -7
36 -8

16 -7
4 -5

16 -7
2 -4

16 -7
7 -6

16 -7
1 -3

16 -7
3 -5

16 -7
13 -7

15 -7
29 -8

15 -7
4 -5

15 -7
60 -9

15 -7
2 -4

15 -7
7 -6

15 -7
1 -3

14 -7
7 -6

14 -7
27 -8

14 -7
4 -5

14 -7
13 -7

14 -7
53 -9

14 -7
54 -9

13 -7
7 -6

13 -7
26 -8

13 -7
4 -5

13 -7
14 -7

13 -7
50 -9

13 -7
2 -4

12 -7
6 -6

12 -7
24 -8

12 -7
3 -5

12 -7
11 -7

12 -7
2 -4

12 -7
5 -6

11 -7
6 -6

11 -7
3 -5

11 -7
2 -4

11 -7
5 -6

11 -7
24 -8

11 -7
1 -3

10 -7
5 -6

10 -7
3 -5

10 -7
9 -7

10 -7
37 -9

10 -7
39 -9

10 -7
2 -4

9 -7
5 -6

9 -7
17 -8

9 -7
3 -5

9 -7
10 -7

9 -7
34 -9

9 -7
2 -4

8 -7
4 -6

8 -7
16 -8

8 -7
2 -5

8 -7
7 -7

8 -7
29 -9

8 -7
1 -4

7 -7
4 -6

7 -7
13 -8

7 -7
14 -8

7 -7
2 -5

7 -7
8 -7

7 -7
26 -9

6 -7
3 -6

6 -7
11 -8

6 -7
2 -5

6 -7
5 -7

6 -7
21 -9

6 -7
22 -9

5 -7
3 -6

5 -7
10 -8

5 -7
2 -5

5 -7
6 -7

5 -7
18 -9

5 -7
1 -4

4 -7
8 -8

4 -7
1 -5

4 -7
3 -7

4 -7
14 -9

4 -7
1 -4

4 -7
1 -6

3 -7
6 -8

3 -7
1 -5

3 -7
9 -9

3 -7
10 -9

3 -7
11 -9

3 -7
12 -9

2 -7
1 -6

2 -7
1 -5

2 -7
1 -7

2 -7
5 -9

2 -7
6 -9

2 -7
1 -4

1 -7
1 -6

1 -7
1 -8

1 -7
1 -5

1 -7
2 -7

1 -7
2 -9

1 -7
3 -9

-1 -7
-1 -6

-1 -7
-2 -8

-1 -7
-1 -8

-1 -7
-2 -7

-1 -7
-1 -4

-1 -7
-2 -6

-2 -7
-1 -6

-2 -7
-4 -8

-2 -7
-1 -7

-2 -7
-1 -4

-2 -7
-2 -6

-2 -7
-2 -8

-3 -7
-1 -4

-3 -7
-1 -3

-3 -7
-2 -5

-3 -7
-1 -2

-3 -7
-2 -4

-3 -7
-4 -6

-4 -7
-2 -6

-4 -7
-8 -8

-4 -7
-15 -9

-4 -7
-1 -4

-4 -7
-1 -6

-4 -7
-1 -3

-5 -7
-3 -6

-5 -7
-10 -8

-5 -7
-2 -5

-5 -7
-6 -7

-5 -7
-17 -9

-5 -7
-1 -4

-6 -7
-3 -6

-6 -7
-2 -5

-6 -7
-5 -7

-6 -7
-24 -9

-6 -7
-23 -9

-6 -7
-22 -9

-7 -7
-4 -6

-7 -7
-13 -8

-7 -7
-2 -5

-7 -7
-8 -7

-7 -7
-1 -4

-7 -7
-3 -6

-8 -7
-4 -6

-8 -7
-16 -8

-8 -7
-15 -8

-8 -7
-2 -5

-8 -7
-7 -7

-8 -7
-29 -9

-9 -7
-5 -6

-9 -7
-3 -5

-9 -7
-10 -7

-9 -7
-2 -4

-9 -7
-6 -6

-9 -7
-1 -3

-10 -7
-5 -6

-10 -7
-3 -5

-10 -7
-40 -9

-10 -7
-2 -4

-10 -7
-6 -6

-10 -7
-1 -3

-11 -7
-6 -6

-11 -7
-21 -8

-11 -7
-3 -5

-11 -7
-12 -7

-11 -7
-41 -9

-11 -7
-2 -4

-12 -7
-6 -6

-12 -7
-23 -8

-12 -7
-3 -5

-12 -7
-11 -7

-12 -7
-2 -4

-12 -7
-5 -6

-13 -7
-7 -6

-13 -7
-25 -8

-13 -7
-4 -5

-13 -7
-14 -7

-13 -7
-51 -9

-13 -7
-49 -9

-14 -7
-7 -6

-14 -7
-27 -8

-14 -7
-4 -5

-14 -7
-13 -7

-14 -7
-2 -4

-14 -7
-8 -6

-15 -7
-8 -6

-15 -7
-30 -8

-15 -7
-29 -8

-15 -7
-4 -5

-15 -7
-16 -7

-15 -7
-59 -9

-16 -7
-8 -6

-16 -7
-4 -5

-16 -7
-15 -7

-16 -7
-2 -4

-16 -7
-7 -6

-16 -7
-30 -8

-17 -7
-9 -6

-17 -7
-34 -8

-17 -7
-33 -8

-17 -7
-5 -5

-17 -7
-18 -7

-17 -7
-65 -9

-18 -7
-9 -6

-18 -7
-36 -8

-18 -7
-35 -8

-18 -7
-5 -5

-18 -7
-17 -7

-18 -7
-3 -4

-19 -7
-10 -6

-19 -7
-5 -5

-19 -7
-3 -4

-19 -7
-9 -6

-19 -7
-39 -8

-19 -7
-2 -3

-20 -7
-10 -6

-20 -7
-39 -8

-20 -7
-5 -5

-20 -7
-3 -4

-20 -7
-9 -6

-20 -7
-2 -3

-21 -7
-41 -8

-21 -7
-6 -5

-21 -7
-83 -9

-21 -7
-82 -9

-21 -7
-3 -4

-21 -7
-43 -8

-22 -7
-43 -8

-22 -7
-6 -5

-22 -7
-21 -7

-22 -7
-87 -9

-22 -7
-3 -4

-22 -7
-41 -8

-23 -7
-45 -8

-23 -7
-6 -5

-23 -7
-24 -7

-23 -7
-89 -9

-23 -7
-3 -4

-23 -7
-2 -3

-24 -7
-6 -5

-24 -7
-23 -7

-24 -7
-95 -9

-24 -7
-94 -9

-24 -7
-93 -9

-24 -7
-3 -4

-25 -7
-50 -8

-25 -7
-7 -5

-25 -7
-26 -7

-25 -7
-100 -9

-25 -7
-97 -9

-25 -7
-4 -4

-26 -7
-7 -5

-26 -7
-4 -4

-26 -7
-14 -6

-26 -7
-50 -8

-26 -7
-2 -3

-26 -7
-8 -5

-27 -7
-14 -6

-27 -7
-7 -5

-27 -7
-28 -7

-27 -7
-4 -4

-27 -7
-56 -8

-27 -7
-55 -8

-28 -7
-14 -6

-28 -7
-56 -8

-28 -7
-55 -8

-28 -7
-7 -5

-28 -7
-27 -7

-28 -7
-4 -4

-29 -7
-15 -6

-29 -7
-58 -8

-29 -7
-57 -8

-29 -7
-8 -5

-29 -7
-30 -7

-29 -7
-115 -9

-30 -7
-15 -6

-30 -7
-60 -8

-30 -7
-8 -5

-30 -7
-119 -9

-30 -7
-117 -9

-30 -7
-4 -4

-31 -7
-16 -6

-31 -7
-62 -8

-31 -7
-8 -5

-31 -7
-32 -7

-31 -7
-4 -4

-31 -7
-15 -6

-32 -7
-16 -6

-32 -7
-8 -5

-32 -7
-128 -9

-32 -7
-127 -9

-32 -7
-4 -4

-32 -7
-15 -6

-33 -7
-17 -6

-33 -7
-9 -5

-33 -7
-34 -7

-33 -7
-132 -9

-33 -7
-5 -4

-33 -7
-18 -6

-34 -7
-17 -6

-34 -7
-67 -8

-34 -7
-9 -5

-34 -7
-33 -7

-34 -7
-5 -4

-34 -7
-18 -6

-35 -7
-18 -6

-35 -7
-9 -5

-35 -7
-36 -7

-35 -7
-138 -9

-35 -7
-5 -4

-35 -7
-17 -6

-36 -7
-18 -6

-36 -7
-72 -8

-36 -7
-71 -8

-36 -7
-9 -5

-36 -7
-35 -7

-36 -7
-144 -9

-37 -7
-19 -6

-37 -7
-74 -8

-37 -7
-73 -8

-37 -7
-10 -5

-37 -7
-5 -4

-37 -7
-20 -6

-38 -7
-19 -6

-38 -7
-76 -8

-38 -7
-10 -5

-38 -7
-37 -7

-38 -7
-152 -9

-38 -7
-150 -9

-39 -7
-20 -6

-39 -7
-78 -8

-39 -7
-77 -8

-39 -7
-10 -5

-39 -7
-40 -7

-39 -7
-156 -9

-40 -7
-20 -6

-40 -7
-10 -5

-40 -7
-5 -4

-40 -7
-19 -6

-40 -7
-78 -8

-40 -7
-77 -8

-41 -7
-21 -6

-41 -7
-11 -5

-41 -7
-42 -7

-41 -7
-6 -4

-41 -7
-22 -6

-41 -7
-83 -8

-42 -7
-21 -6

-42 -7
-83 -8

-42 -7
-11 -5

-42 -7
-6 -4

-42 -7
-22 -6

-42 -7
-3 -3

-43 -7
-22 -6

-43 -7
-86 -8

-43 -7
-11 -5

-43 -7
-6 -4

-43 -7
-21 -6

-43 -7
-87 -8

-44 -7
-22 -6

-44 -7
-87 -8

-44 -7
-11 -5

-44 -7
-43 -7

-44 -7
-175 -9

-44 -7
-6 -4

-45 -7
-23 -6

-45 -7
-12 -5

-45 -7
-46 -7

-45 -7
-179 -9

-45 -7
-6 -4

-45 -7
-24 -6

-46 -7
-23 -6

-46 -7
-92 -8

-46 -7
-12 -5

-46 -7
-45 -7

-46 -7
-183 -9

-46 -7
-6 -4

-47 -7
-24 -6

-47 -7
-93 -8

-47 -7
-12 -5

-47 -7
-48 -7

-47 -7
-188 -9

-47 -7
-6 -4

-48 -7
-24 -6

-48 -7
-96 -8

-48 -7
-95 -8

-48 -7
-12 -5

-48 -7
-47 -7

-48 -7
-6 -4

-49 -7
-25 -6

-49 -7
-13 -5

-49 -7
-50 -7

-49 -7
-7 -4

-49 -7
-26 -6

-49 -7
-100 -8

-50 -7
-25 -6

-50 -7
-100 -8

-50 -7
-13 -5

-50 -7
-49 -7

-50 -7
-200 -9

-50 -7
-198 -9

-51 -7
-26 -6

-51 -7
-102 -8

-51 -7
-13 -5

-51 -7
-52 -7

-51 -7
-7 -4

-51 -7
-25 -6

-52 -7
-26 -6

-52 -7
-13 -5

-52 -7
-51 -7

-52 -7
-7 -4

-52 -7
-25 -6

-52 -7
-102 -8

-53 -7
-27 -6

-53 -7
-14 -5

-53 -7
-54 -7

-53 -7
-210 -9

-53 -7
-7 -4

-53 -7
-28 -6

-54 -7
-27 -6

-54 -7
-107 -8

-54 -7
-14 -5

-54 -7
-53 -7

-54 -7
-7 -4

-54 -7
-28 -6

-55 -7
-28 -6

-55 -7
-14 -5

-55 -7
-56 -7

-55 -7
-217 -9

-55 -7
-7 -4

-55 -7
-27 -6

-56 -7
-28 -6

-56 -7
-14 -5

-56 -7
-55 -7

-56 -7
-223 -9

-56 -7
-7 -4

-56 -7
-27 -6

-57 -7
-114 -8

-57 -7
-15 -5

-57 -7
-58 -7

-57 -7
-226 -9

-57 -7
-8 -4

-57 -7
-30 -6

-58 -7
-115 -8

-58 -7
-15 -5

-58 -7
-57 -7

-58 -7
-231 -9

-58 -7
-8 -4

-58 -7
-30 -6

-59 -7
-30 -6

-59 -7
-117 -8

-59 -7
-15 -5

-59 -7
-60 -7

-59 -7
-235 -9

-59 -7
-233 -9

-60 -7
-30 -6

-60 -7
-15 -5

-60 -7
-239 -9

-60 -7
-8 -4

-60 -7
-117 -8

-60 -7
-4 -3

-61 -7
-31 -6

-61 -7
-16 -5

-61 -7
-62 -7

-61 -7
-8 -4

-61 -7
-32 -6

-61 -7
-124 -8

-62 -7
-31 -6

-62 -7
-124 -8

-62 -7
-123 -8

-62 -7
-16 -5

-62 -7
-61 -7

-62 -7
-246 -9

-63 -7
-32 -6

-63 -7
-125 -8

-63 -7
-16 -5

-63 -7
-64 -7

-63 -7
-8 -4

-63 -7
-31 -6

-64 -7
-32 -6

-64 -7
-128 -8

-64 -7
-16 -5

-64 -7
-8 -4

-64 -7
-31 -6

-64 -7
-125 -8

32 -6
16 -5

32 -6
64 -7

32 -6
8 -4

32 -6
4 -3

32 -6
62 -7

32 -6
2 -2

31 -6
16 -5

31 -6
62 -7

31 -6
8 -4

31 -6
32 -6

31 -6
123 -8

31 -6
124 -8

30 -6
8 -4

30 -6
29 -6

30 -6
4 -3

30 -6
16 -5

30 -6
57 -7

30 -6
58 -7

29 -6
57 -7

29 -6
58 -7

29 -6
8 -4

29 -6
113 -8

29 -6
4 -3

29 -6
16 -5

28 -6
14 -5

28 -6
55 -7

28 -6
7 -4

28 -6
27 -6

28 -6
110 -8

28 -6
111 -8

27 -6
14 -5

27 -6
53 -7

27 -6
54 -7

27 -6
7 -4

27 -6
28 -6

27 -6
106 -8

26 -6
13 -5

26 -6
52 -7

26 -6
7 -4

26 -6
25 -6

26 -6
103 -8

26 -6
104 -8

25 -6
13 -5

25 -6
49 -7

25 -6
50 -7

25 -6
7 -4

25 -6
26 -6

25 -6
97 -8

24 -6
12 -5

24 -6
6 -4

24 -6
23 -6

24 -6
93 -8

24 -6
95 -8

24 -6
3 -3

23 -6
12 -5

23 -6
45 -7

23 -6
46 -7

23 -6
6 -4

23 -6
24 -6

23 -6
91 -8

22 -6
11 -5

22 -6
43 -7

22 -6
6 -4

22 -6
21 -6

22 -6
85 -8

22 -6
3 -3

21 -6
11 -5

21 -6
42 -7

21 -6
6 -4

21 -6
82 -8

21 -6
83 -8

21 -6
84 -8

20 -6
10 -5

20 -6
39 -7

20 -6
40 -7

20 -6
5 -4

20 -6
19 -6

20 -6
77 -8

19 -6
10 -5

19 -6
37 -7

19 -6
5 -4

19 -6
20 -6

19 -6
73 -8

19 -6
76 -8

18 -6
9 -5

18 -6
35 -7

18 -6
36 -7

18 -6
5 -4

18 -6
17 -6

18 -6
69 -8

17 -6
9 -5

17 -6
33 -7

17 -6
34 -7

17 -6
5 -4

17 -6
18 -6

17 -6
66 -8

16 -6
8 -5

16 -6
31 -7

16 -6
32 -7

16 -6
4 -4

16 -6
15 -6

16 -6
61 -8

15 -6
8 -5

15 -6
29 -7

15 -6
30 -7

15 -6
4 -4

15 -6
16 -6

15 -6
57 -8

14 -6
7 -5

14 -6
27 -7

14 -6
28 -7

14 -6
4 -4

14 -6
53 -8

14 -6
56 -8

13 -6
7 -5

13 -6
26 -7

13 -6
4 -4

13 -6
14 -6

13 -6
50 -8

13 -6
2 -3

12 -6
6 -5

12 -6
23 -7

12 -6
24 -7

12 -6
3 -4

12 -6
11 -6

12 -6
48 -8

11 -6
6 -5

11 -6
21 -7

11 -6
3 -4

11 -6
12 -6

11 -6
41 -8

11 -6
2 -3

10 -6
5 -5

10 -6
20 -7

10 -6
3 -4

10 -6
37 -8

10 -6
39 -8

10 -6
2 -3

9 -6
5 -5

9 -6
3 -4

9 -6
10 -6

9 -6
2 -3

9 -6
6 -5

9 -6
20 -7

8 -6
4 -5

8 -6
2 -4

8 -6
7 -6

8 -6
1 -3

8 -6
3 -5

8 -6
13 -7

7 -6
4 -5

7 -6
13 -7

7 -6
14 -7

7 -6
2 -4

7 -6
26 -8

7 -6
27 -8

6 -6
3 -5

6 -6
11 -7

6 -6
2 -4

6 -6
5 -6

6 -6
24 -8

6 -6
1 -3

5 -6
3 -5

5 -6
9 -7

5 -6
10 -7

5 -6
2 -4

5 -6
6 -6

5 -6
17 -8

4 -6
2 -5

4 -6
7 -7

4 -6
8 -7

4 -6
1 -4

4 -6
3 -6

4 -6
13 -8

3 -6
2 -5

3 -6
5 -7

3 -6
6 -7

3 -6
1 -4

3 -6
4 -6

3 -6
10 -8

2 -6
1 -5

2 -6
1 -4

2 -6
1 -6

2 -6
1 -3

2 -6
2 -5

2 -6
1 -7

1 -6
1 -5

1 -6
1 -7

1 -6
2 -7

1 -6
1 -4

1 -6
1 -8

1 -6
1 -3

-1 -6
-2 -7

-1 -6
-1 -7

-1 -6
-1 -4

-1 -6
-2 -6

-1 -6
-4 -8

-1 -6
-2 -8

-2 -6
-4 -7

-2 -6
-1 -4

-2 -6
-1 -6

-2 -6
-8 -8

-2 -6
-1 -3

-2 -6
-2 -5

-3 -6
-2 -5

-3 -6
-6 -7

-3 -6
-5 -7

-3 -6
-1 -4

-3 -6
-4 -6

-3 -6
-10 -8

-4 -6
-2 -5

-4 -6
-8 -7

-4 -6
-7 -7

-4 -6
-1 -4

-4 -6
-3 -6

-4 -6
-16 -8

-5 -6
-3 -5

-5 -6
-10 -7

-5 -6
-2 -4

-5 -6
-6 -6

-5 -6
-1 -3

-5 -6
-4 -5

-6 -6
-3 -5

-6 -6
-12 -7

-6 -6
-11 -7

-6 -6
-2 -4

-6 -6
-5 -6

-6 -6
-23 -8

-7 -6
-4 -5

-7 -6
-14 -7

-7 -6
-13 -7

-7 -6
-2 -4

-7 -6
-8 -6

-7 -6
-27 -8

-8 -6
-4 -5

-8 -6
-16 -7

-8 -6
-15 -7

-8 -6
-2 -4

-8 -6
-7 -6

-8 -6
-30 -8

-9 -6
-5 -5

-9 -6
-18 -7

-9 -6
-17 -7

-9 -6
-3 -4

-9 -6
-10 -6

-9 -6
-36 -8

-10 -6
-5 -5

-10 -6
-3 -4

-10 -6
-9 -6

-10 -6
-39 -8

-10 -6
-2 -3

-10 -6
-6 -5

-11 -6
-6 -5

-11 -6
-21 -7

-11 -6
-3 -4

-11 -6
-43 -8

-11 -6
-41 -8

-11 -6
-2 -3

-12 -6
-6 -5

-12 -6
-24 -7

-12 -6
-23 -7

-12 -6
-3 -4

-12 -6
-45 -8

-12 -6
-2 -3

-13 -6
-7 -5

-13 -6
-26 -7

-13 -6
-4 -4

-13 -6
-14 -6

-13 -6
-50 -8

-13 -6
-2 -3

-14 -6
-7 -5

-14 -6
-28 -7

-14 -6
-27 -7

-14 -6
-4 -4

-14 -6
-56 -8

-14 -6
-55 -8

-15 -6
-8 -5

-15 -6
-30 -7

-15 -6
-4 -4

-15 -6
-16 -6

-15 -6
-60 -8

-15 -6
-58 -8

-16 -6
-8 -5

-16 -6
-32 -7

-16 -6
-4 -4

-16 -6
-15 -6

-16 -6
-62 -8

-16 -6
-2 -3

-17 -6
-9 -5

-17 -6
-34 -7

-17 -6
-33 -7

-17 -6
-5 -4

-17 -6
-18 -6

-17 -6
-67 -8

-18 -6
-9 -5

-18 -6
-36 -7

-18 -6
-35 -7

-18 -6
-5 -4

-18 -6
-17 -6

-18 -6
-72 -8

-19 -6
-10 -5

-19 -6
-37 -7

-19 -6
-5 -4

-19 -6
-20 -6

-19 -6
-76 -8

-19 -6
-74 -8

-20 -6
-10 -5

-20 -6
-40 -7

-20 -6
-5 -4

-20 -6
-19 -6

-20 -6
-78 -8

-20 -6
-77 -8

-21 -6
-11 -5

-21 -6
-42 -7

-21 -6
-6 -4

-21 -6
-22 -6

-21 -6
-83 -8

-21 -6
-3 -3

-22 -6
-11 -5

-22 -6
-43 -7

-22 -6
-6 -4

-22 -6
-21 -6

-22 -6
-87 -8

-22 -6
-86 -8

-23 -6
-12 -5

-23 -6
-46 -7

-23 -6
-45 -7

-23 -6
-6 -4

-23 -6
-24 -6

-23 -6
-92 -8

-24 -6
-12 -5

-24 -6
-48 -7

-24 -6
-47 -7

-24 -6
-6 -4

-24 -6
-23 -6

-24 -6
-96 -8

-25 -6
-13 -5

-25 -6
-50 -7

-25 -6
-49 -7

-25 -6
-7 -4

-25 -6
-26 -6

-25 -6
-100 -8

-26 -6
-13 -5

-26 -6
-52 -7

-26 -6
-51 -7

-26 -6
-7 -4

-26 -6
-25 -6

-26 -6
-102 -8

-27 -6
-14 -5

-27 -6
-54 -7

-27 -6
-53 -7

-27 -6
-7 -4

-27 -6
-28 -6

-27 -6
-107 -8

-28 -6
-14 -5

-28 -6
-56 -7

-28 -6
-55 -7

-28 -6
-7 -4

-28 -6
-27 -6

-28 -6
-4 -3

-29 -6
-15 -5

-29 -6
-58 -7

-29 -6
-57 -7

-29 -6
-8 -4

-29 -6
-30 -6

-29 -6
-115 -8

-30 -6
-15 -5

-30 -6
-60 -7

-30 -6
-8 -4

-30 -6
-117 -8

-30 -6
-4 -3

-30 -6
-16 -5

-31 -6
-16 -5

-31 -6
-62 -7

-31 -6
-61 -7

-31 -6
-8 -4

-31 -6
-32 -6

-31 -6
-124 -8

-32 -6
-16 -5

-32 -6
-64 -7

-32 -6
-8 -4

-32 -6
-31 -6

-32 -6
-128 -8

-32 -6
-125 -8

16 -5
8 -4

16 -5
32 -6

16 -5
4 -3

16 -5
62 -7

16 -5
64 -7

16 -5
2 -2

15 -5
8 -4

15 -5
29 -6

15 -5
4 -3

15 -5
16 -5

15 -5
57 -7

15 -5
58 -7

14 -5
7 -4

14 -5
27 -6

14 -5
28 -6

14 -5
4 -3

14 -5
13 -5

14 -5
53 -7

13 -5
7 -4

13 -5
25 -6

13 -5
26 -6

13 -5
4 -3

13 -5
14 -5

13 -5
49 -7

12 -5
6 -4

12 -5
23 -6

12 -5
24 -6

12 -5
3 -3

12 -5
11 -5

12 -5
45 -7

11 -5
6 -4

11 -5
21 -6

11 -5
3 -3

11 -5
12 -5

11 -5
42 -7

11 -5
43 -7

10 -5
5 -4

10 -5
19 -6

10 -5
20 -6

10 -5
3 -3

10 -5
9 -5

10 -5
37 -7

9 -5
5 -4

9 -5
17 -6

9 -5
18 -6

9 -5
3 -3

9 -5
10 -5

9 -5
33 -7

8 -5
4 -4

8 -5
15 -6

8 -5
16 -6

8 -5
2 -3

8 -5
7 -5

8 -5
29 -7

7 -5
4 -4

7 -5
14 -6

7 -5
2 -3

7 -5
8 -5

7 -5
26 -7

7 -5
27 -7

6 -5
3 -4

6 -5
11 -6

6 -5
12 -6

6 -5
2 -3

6 -5
5 -5

6 -5
21 -7

5 -5
3 -4

5 -5
10 -6

5 -5
2 -3

5 -5
6 -5

5 -5
17 -7

5 -5
20 -7

4 -5
2 -4

4 -5
7 -6

4 -5
1 -3

4 -5
3 -5

4 -5
13 -7

4 -5
14 -7

3 -5
2 -4

3 -5
5 -6

3 -5
6 -6

3 -5
1 -3

3 -5
4 -5

3 -5
9 -7

2 -5
1 -4

2 -5
3 -6

2 -5
4 -6

2 -5
1 -3

2 -5
1 -5

2 -5
5 -7

1 -5
1 -4

1 -5
1 -6

1 -5
1 -3

1 -5
2 -5

1 -5
1 -7

1 -5
2 -7

-1 -5
-1 -4

-1 -5
-2 -6

-1 -5
-1 -6

-1 -5
-1 -3

-1 -5
-2 -5

-1 -5
-4 -7

-2 -5
-1 -4

-2 -5
-4 -6

-2 -5
-3 -6

-2 -5
-1 -3

-2 -5
-8 -7

-2 -5
-7 -7

-3 -5
-2 -4

-3 -5
-6 -6

-3 -5
-5 -6

-3 -5
-1 -3

-3 -5
-4 -5

-3 -5
-12 -7

-4 -5
-2 -4

-4 -5
-8 -6

-4 -5
-7 -6

-4 -5
-1 -3

-4 -5
-3 -5

-4 -5
-16 -7

-5 -5
-3 -4

-5 -5
-10 -6

-5 -5
-9 -6

-5 -5
-2 -3

-5 -5
-6 -5

-5 -5
-18 -7

-6 -5
-3 -4

-6 -5
-2 -3

-6 -5
-5 -5

-6 -5
-24 -7

-6 -5
-23 -7

-6 -5
-21 -7

-7 -5
-4 -4

-7 -5
-14 -6

-7 -5
-2 -3

-7 -5
-8 -5

-7 -5
-28 -7

-7 -5
-27 -7

-8 -5
-4 -4

-8 -5
-16 -6

-8 -5
-15 -6

-8 -5
-2 -3

-8 -5
-7 -5

-8 -5
-32 -7

-9 -5
-5 -4

-9 -5
-18 -6

-9 -5
-17 -6

-9 -5
-3 -3

-9 -5
-10 -5

-9 -5
-36 -7

-10 -5
-5 -4

-10 -5
-20 -6

-10 -5
-19 -6

-10 -5
-3 -3

-10 -5
-9 -5

-10 -5
-40 -7

-11 -5
-6 -4

-11 -5
-22 -6

-11 -5
-21 -6

-11 -5
-3 -3

-11 -5
-12 -5

-11 -5
-43 -7

-12 -5
-6 -4

-12 -5
-24 -6

-12 -5
-23 -6

-12 -5
-3 -3

-12 -5
-11 -5

-12 -5
-48 -7

-13 -5
-7 -4

-13 -5
-26 -6

-13 -5
-25 -6

-13 -5
-4 -3

-13 -5
-14 -5

-13 -5
-52 -7

-14 -5
-7 -4

-14 -5
-28 -6

-14 -5
-27 -6

-14 -5
-4 -3

-14 -5
-13 -5

-14 -5
-56 -7

-15 -5
-8 -4

-15 -5
-30 -6

-15 -5
-4 -3

-15 -5
-16 -5

-15 -5
-60 -7

-15 -5
-58 -7

-16 -5
-8 -4

-16 -5
-32 -6

-16 -5
-31 -6

-16 -5
-4 -3

-16 -5
-15 -5

-16 -5
-64 -7

8 -4
4 -3

8 -4
16 -5

8 -4
2 -2

8 -4
7 -4

8 -4
29 -6

8 -4
32 -6

7 -4
4 -3

7 -4
13 -5

7 -4
14 -5

7 -4
2 -2

7 -4
8 -4

7 -4
25 -6

6 -4
3 -3

6 -4
11 -5

6 -4
12 -5

6 -4
2 -2

6 -4
5 -4

6 -4
21 -6

5 -4
3 -3

5 -4
9 -5

5 -4
10 -5

5 -4
2 -2

5 -4
6 -4

5 -4
17 -6

4 -4
2 -3

4 -4
7 -5

4 -4
8 -5

4 -4
1 -2

4 -4
3 -4

4 -4
14 -6

3 -4
2 -3

3 -4
5 -5

3 -4
6 -5

3 -4
1 -2

3 -4
4 -4

3 -4
10 -6

2 -4
1 -3

2 -4
3 -5

2 -4
4 -5

2 -4
1 -2

2 -4
1 -4

2 -4
5 -6

1 -4
1 -3

1 -4
1 -5

1 -4
2 -5

1 -4
1 -2

1 -4
2 -4

1 -4
1 -6

-1 -4
-1 -3

-1 -4
-2 -5

-1 -4
-1 -2

-1 -4
-2 -4

-1 -4
-4 -6

-1 -4
-3 -6

-2 -4
-1 -3

-2 -4
-4 -5

-2 -4
-3 -5

-2 -4
-1 -2

-2 -4
-1 -4

-2 -4
-8 -6

-3 -4
-2 -3

-3 -4
-6 -5

-3 -4
-5 -5

-3 -4
-1 -2

-3 -4
-4 -4

-3 -4
-10 -6

-4 -4
-2 -3

-4 -4
-8 -5

-4 -4
-7 -5

-4 -4
-1 -2

-4 -4
-3 -4

-4 -4
-16 -6

-5 -4
-3 -3

-5 -4
-10 -5

-5 -4
-9 -5

-5 -4
-2 -2

-5 -4
-6 -4

-5 -4
-20 -6

-6 -4
-3 -3

-6 -4
-12 -5

-6 -4
-11 -5

-6 -4
-2 -2

-6 -4
-5 -4

-6 -4
-24 -6

-7 -4
-4 -3

-7 -4
-14 -5

-7 -4
-13 -5

-7 -4
-2 -2

-7 -4
-8 -4

-7 -4
-28 -6

-8 -4
-4 -3

-8 -4
-16 -5

-8 -4
-15 -5

-8 -4
-2 -2

-8 -4
-7 -4

-8 -4
-32 -6

4 -3
2 -2

4 -3
7 -4

4 -3
8 -4

4 -3
1 -1

4 -3
3 -3

4 -3
13 -5

3 -3
2 -2

3 -3
5 -4

3 -3
6 -4

3 -3
1 -1

3 -3
4 -3

3 -3
9 -5

2 -3
1 -2

2 -3
3 -4

2 -3
4 -4

2 -3
1 -1

2 -3
1 -3

2 -3
5 -5

1 -3
1 -2

1 -3
1 -4

1 -3
2 -4

1 -3
1 -1

1 -3
2 -3

1 -3
1 -5

-1 -3
-1 -2

-1 -3
-2 -4

-1 -3
-1 -4

-1 -3
-1 -1

-1 -3
-2 -3

-1 -3
-4 -5

-2 -3
-1 -2

-2 -3
-4 -4

-2 -3
-3 -4

-2 -3
-1 -1

-2 -3
-1 -3

-2 -3
-8 -5

-3 -3
-2 -2

-3 -3
-6 -4

-3 -3
-5 -4

-3 -3
-1 -1

-3 -3
-4 -3

-3 -3
-12 -5

-4 -3
-2 -2

-4 -3
-8 -4

-4 -3
-7 -4

-4 -3
-1 -1

-4 -3
-3 -3

-4 -3
-16 -5

2 -2
1 -1

2 -2
3 -3

2 -2
4 -3

2 -2
0 0

2 -2
1 -2

2 -2
5 -4

1 -2
1 -1

1 -2
1 -3

1 -2
2 -3

1 -2
0 0

1 -2
2 -2

1 -2
1 -4

-1 -2
-1 -1

-1 -2
-2 -3

-1 -2
-1 -3

-1 -2
0 0

-1 -2
-2 -2

-1 -2
-4 -4

-2 -2
-1 -1

-2 -2
-4 -3

-2 -2
-3 -3

-2 -2
0 0

-2 -2
-1 -2

-2 -2
-8 -4

1 -1
0 0

1 -1
1 -2

1 -1
2 -2

1 -1
-1 -1

1 -1
1 -3

1 -1
2 -3

-1 -1
0 0

-1 -1
-2 -2

-1 -1
-1 -2

-1 -1
1 -1

-1 -1
-4 -3

-1 -1
-3 -3

0 0
-1 -1

0 0
1 -1

0 0
-2 -2

0 0
-1 -2

0 0
1 -2

0 0
2 -2

